+loci	sumCoverage
0	6177
1	13235
2	17822
3	21973
4	17436
5	11132
6	12348
7	12519
8	10054
9	7330
10	6329
11	6186
12	5925
13	5004
14	5483
15	6621
16	7508
17	7721
18	6989
19	5386
20	4550
21	4294
22	4651
23	4883
24	5556
25	7486
26	7136
27	6100
28	5669
29	9425
30	7315
31	10204
32	8731
33	5106
34	4773
35	5220
36	5278
37	4724
38	10712
39	16742
40	5104
41	6315
42	6499
43	5445
44	6794
45	5347
46	5036
47	5620
48	5055
49	4866
50	6120
51	7833
52	8733
53	13574
54	14665
55	24634
56	12635
57	7360
58	7468
59	8038
60	8207
61	8091
62	8416
63	7887
64	7145
65	9247
66	15146
67	18143
68	9346
69	9530
70	25734
71	17891
72	9828
73	9159
74	13976
75	12408
76	8741
77	8124
78	10265
79	15307
80	13200
81	8511
82	8508
83	10484
84	11321
85	10660
86	45003
87	52400
88	17845
89	9396
90	9478
91	8384
92	15315
93	27842
94	25623
95	18167
96	17886
97	12186
98	8990
99	5423
