+RPKM	percent	accumulative_value
0	0.0	0
0.01	0.0	1
0.06	0.0	3
0.07	0.0	7
0.08	0.1	11
0.09	0.1	15
0.1	0.1	21
0.11	0.1	27
0.12	0.2	41
0.13	0.3	55
0.14	0.3	64
0.15	0.4	81
0.16	0.5	98
0.17	0.6	122
0.18	0.7	148
0.19	0.8	174
0.2	0.9	200
0.21	1.1	241
0.22	1.3	284
0.23	1.5	321
0.24	1.7	355
0.25	1.9	398
0.26	2.0	437
0.27	2.3	489
0.28	2.5	532
0.29	2.7	578
0.3	2.9	619
0.31	3.2	679
0.32	3.4	722
0.33	3.7	783
0.34	4.0	862
0.35	4.3	918
0.36	4.6	984
0.37	4.9	1043
0.38	5.2	1103
0.39	5.4	1155
0.4	5.6	1207
0.41	5.9	1262
0.42	6.2	1323
0.43	6.4	1377
0.44	6.7	1434
0.45	7.0	1499
0.46	7.4	1573
0.47	7.7	1639
0.48	7.9	1695
0.49	8.2	1761
0.5	8.5	1826
0.51	8.9	1912
0.52	9.3	1992
0.53	9.7	2068
0.54	10.0	2132
0.55	10.3	2194
0.56	10.6	2275
0.57	11.0	2354
0.58	11.4	2427
0.59	11.7	2494
0.6	12.0	2560
0.61	12.3	2621
0.62	12.5	2682
0.63	12.8	2745
0.64	13.1	2809
0.65	13.5	2881
0.66	13.9	2963
0.67	14.2	3036
0.68	14.5	3109
0.69	14.9	3176
0.7	15.2	3243
0.71	15.4	3302
0.72	15.8	3387
0.73	16.1	3440
0.74	16.4	3506
0.75	16.7	3574
0.76	17.0	3629
0.77	17.3	3699
0.78	17.7	3778
0.79	18.0	3856
0.8	18.4	3924
0.81	18.7	3997
0.82	19.0	4061
0.83	19.3	4123
0.84	19.5	4180
0.85	19.8	4243
0.86	20.2	4313
0.87	20.5	4378
0.88	20.7	4430
0.89	21.0	4482
0.9	21.2	4542
0.91	21.5	4600
0.92	21.7	4645
0.93	22.0	4708
0.94	22.2	4757
0.95	22.5	4802
0.96	22.7	4847
0.97	23.0	4908
0.98	23.2	4970
0.99	23.6	5041
1.0	23.9	5101
1.01	24.1	5143
1.02	24.2	5184
1.03	24.5	5249
1.04	24.8	5295
1.05	25.0	5356
1.06	25.3	5413
1.07	25.6	5471
1.08	25.9	5533
1.09	26.2	5598
1.1	26.4	5638
1.11	26.6	5689
1.12	26.8	5727
1.13	27.1	5787
1.14	27.3	5844
1.15	27.6	5891
1.16	27.8	5946
1.17	28.1	6011
1.18	28.4	6069
1.19	28.6	6113
1.2	28.9	6177
1.21	29.1	6217
1.22	29.3	6271
1.23	29.6	6327
1.24	29.9	6384
1.25	30.1	6440
1.26	30.4	6499
1.27	30.6	6537
1.28	30.8	6591
1.29	31.1	6652
1.3	31.4	6708
1.31	31.6	6749
1.32	31.8	6794
1.33	32.0	6839
1.34	32.2	6891
1.35	32.4	6926
1.36	32.6	6973
1.37	32.8	7023
1.38	33.2	7089
1.39	33.4	7132
1.4	33.5	7169
1.41	33.8	7226
1.42	34.1	7289
1.43	34.3	7336
1.44	34.5	7381
1.45	34.7	7425
1.46	35.0	7477
1.47	35.2	7534
1.48	35.5	7580
1.49	35.6	7610
1.5	35.8	7652
1.51	36.0	7700
1.52	36.2	7747
1.53	36.5	7794
1.54	36.7	7839
1.55	36.9	7900
1.56	37.1	7940
1.57	37.3	7983
1.58	37.5	8026
1.59	37.7	8070
1.6	38.0	8115
1.61	38.2	8162
1.62	38.3	8190
1.63	38.5	8237
1.64	38.8	8287
1.65	38.9	8320
1.66	39.1	8362
1.67	39.3	8398
1.68	39.4	8432
1.69	39.6	8477
1.7	39.8	8516
1.71	40.0	8555
1.72	40.2	8600
1.73	40.4	8638
1.74	40.6	8674
1.75	40.7	8709
1.76	40.9	8742
1.77	41.2	8799
1.78	41.3	8834
1.79	41.5	8870
1.8	41.7	8913
1.81	41.9	8966
1.82	42.1	9007
1.83	42.4	9060
1.84	42.5	9097
1.85	42.8	9142
1.86	43.0	9185
1.87	43.1	9221
1.88	43.3	9256
1.89	43.5	9291
1.9	43.6	9333
1.91	43.8	9364
1.92	44.0	9398
1.93	44.1	9438
1.94	44.3	9472
1.95	44.4	9499
1.96	44.7	9548
1.97	44.8	9572
1.98	44.9	9611
1.99	45.1	9652
2.0	45.3	9681
2.01	45.5	9721
2.02	45.6	9757
2.03	45.8	9791
2.04	45.9	9825
2.05	46.1	9862
2.06	46.3	9891
2.07	46.4	9923
2.08	46.6	9955
2.09	46.7	9994
2.1	46.9	10033
2.11	47.1	10062
2.12	47.2	10096
2.13	47.4	10138
2.14	47.6	10172
2.15	47.7	10204
2.16	47.9	10241
2.17	48.1	10286
2.18	48.3	10325
2.19	48.4	10355
2.2	48.6	10382
2.21	48.7	10413
2.22	48.8	10444
2.23	48.9	10462
2.24	49.1	10494
2.25	49.3	10532
2.26	49.4	10559
2.27	49.6	10601
2.28	49.8	10639
2.29	49.9	10666
2.3	50.1	10708
2.31	50.2	10733
2.32	50.4	10767
2.33	50.5	10793
2.34	50.7	10838
2.35	50.8	10871
2.36	51.0	10896
2.37	51.1	10932
2.38	51.3	10976
2.39	51.5	11013
2.4	51.7	11050
2.41	51.8	11080
2.42	52.0	11116
2.43	52.1	11135
2.44	52.2	11166
2.45	52.3	11190
2.46	52.5	11234
2.47	52.7	11270
2.48	52.8	11291
2.49	53.0	11328
2.5	53.1	11355
2.51	53.2	11383
2.52	53.4	11410
2.53	53.5	11447
2.54	53.7	11478
2.55	53.9	11516
2.56	54.0	11542
2.57	54.1	11563
2.58	54.2	11592
2.59	54.3	11620
2.6	54.5	11651
2.61	54.6	11681
2.62	54.7	11704
2.63	54.8	11723
2.64	55.0	11752
2.65	55.1	11775
2.66	55.2	11801
2.67	55.4	11835
2.68	55.4	11854
2.69	55.5	11877
2.7	55.7	11901
2.71	55.8	11938
2.72	56.0	11970
2.73	56.1	11992
2.74	56.2	12023
2.75	56.4	12052
2.76	56.5	12083
2.77	56.6	12102
2.78	56.7	12128
2.79	56.9	12165
2.8	57.0	12195
2.81	57.1	12212
2.82	57.2	12241
2.83	57.4	12266
2.84	57.5	12297
2.85	57.7	12328
2.86	57.8	12355
2.87	57.9	12371
2.88	58.0	12394
2.89	58.1	12416
2.9	58.2	12446
2.91	58.3	12470
2.92	58.4	12492
2.93	58.6	12522
2.94	58.7	12550
2.95	58.8	12575
2.96	58.9	12604
2.97	59.1	12632
2.98	59.2	12653
2.99	59.3	12674
3.0	59.4	12699
3.01	59.5	12727
3.02	59.6	12750
3.03	59.8	12777
3.04	59.9	12806
3.05	60.0	12825
3.06	60.0	12836
3.07	60.2	12868
3.08	60.3	12883
3.09	60.4	12907
3.1	60.5	12926
3.11	60.6	12954
3.12	60.7	12977
3.13	60.8	12996
3.14	60.8	13006
3.15	60.9	13027
3.16	61.0	13045
3.17	61.1	13056
3.18	61.2	13076
3.19	61.3	13097
3.2	61.3	13114
3.21	61.4	13137
3.22	61.5	13158
3.23	61.7	13183
3.24	61.8	13212
3.25	61.9	13226
3.26	61.9	13246
3.27	62.1	13274
3.28	62.2	13295
3.29	62.3	13315
3.3	62.4	13336
3.31	62.5	13359
3.32	62.6	13380
3.33	62.7	13404
3.34	62.8	13423
3.35	62.9	13446
3.36	63.0	13470
3.37	63.1	13491
3.38	63.2	13518
3.39	63.3	13539
3.4	63.5	13568
3.41	63.6	13591
3.42	63.6	13609
3.43	63.7	13628
3.44	63.9	13656
3.45	63.9	13669
3.46	64.0	13693
3.47	64.1	13713
3.48	64.2	13730
3.49	64.3	13753
3.5	64.4	13774
3.51	64.5	13790
3.52	64.6	13803
3.53	64.6	13821
3.54	64.7	13839
3.55	64.8	13860
3.56	64.9	13882
3.57	65.0	13902
3.58	65.1	13930
3.59	65.2	13943
3.6	65.3	13960
3.61	65.4	13974
3.62	65.4	13987
3.63	65.5	14009
3.64	65.6	14025
3.65	65.7	14040
3.66	65.8	14063
3.67	65.8	14073
3.68	65.9	14087
3.69	66.0	14106
3.7	66.1	14123
3.71	66.1	14139
3.72	66.2	14161
3.73	66.3	14183
3.74	66.4	14201
3.75	66.5	14216
3.76	66.6	14230
3.77	66.6	14240
3.78	66.6	14248
3.79	66.7	14264
3.8	66.8	14279
3.81	66.8	14288
3.82	66.9	14305
3.83	67.0	14325
3.84	67.0	14336
3.85	67.1	14352
3.86	67.2	14370
3.87	67.3	14393
3.88	67.4	14410
3.89	67.5	14427
3.9	67.5	14441
3.91	67.6	14453
3.92	67.7	14470
3.93	67.7	14483
3.94	67.8	14501
3.95	67.9	14517
3.96	68.0	14533
3.97	68.1	14555
3.98	68.1	14565
3.99	68.2	14579
4.0	68.3	14598
4.01	68.3	14611
4.02	68.4	14624
4.03	68.5	14640
4.04	68.5	14653
4.05	68.6	14674
4.06	68.7	14687
4.07	68.8	14708
4.08	68.8	14712
4.09	68.9	14724
4.1	68.9	14742
4.11	69.0	14758
4.12	69.1	14772
4.13	69.2	14795
4.14	69.2	14806
4.15	69.3	14816
4.16	69.4	14831
4.17	69.4	14843
4.18	69.5	14852
4.19	69.5	14864
4.2	69.6	14878
4.21	69.7	14893
4.22	69.7	14908
4.23	69.8	14918
4.24	69.8	14931
4.25	69.9	14947
4.26	70.0	14958
4.27	70.0	14969
4.28	70.1	14980
4.29	70.1	14991
4.3	70.2	15006
4.31	70.3	15023
4.32	70.3	15038
4.33	70.4	15048
4.34	70.4	15063
4.35	70.5	15080
4.36	70.6	15096
4.37	70.6	15100
4.38	70.7	15110
4.39	70.7	15127
4.4	70.8	15135
4.41	70.8	15145
4.42	70.9	15166
4.43	71.0	15184
4.44	71.1	15194
4.45	71.1	15208
4.46	71.2	15221
4.47	71.3	15238
4.48	71.3	15253
4.49	71.4	15272
4.5	71.5	15281
4.51	71.6	15299
4.52	71.6	15311
4.53	71.7	15321
4.54	71.7	15341
4.55	71.8	15361
4.56	71.9	15369
4.57	71.9	15383
4.58	72.0	15394
4.59	72.1	15409
4.6	72.1	15426
4.61	72.2	15436
4.62	72.3	15450
4.63	72.3	15464
4.64	72.4	15473
4.65	72.4	15483
4.66	72.5	15503
4.67	72.6	15516
4.68	72.6	15527
4.69	72.7	15537
4.7	72.7	15547
4.71	72.8	15558
4.72	72.8	15565
4.73	72.8	15576
4.74	72.9	15591
4.75	73.0	15603
4.76	73.0	15617
4.77	73.1	15627
4.78	73.1	15639
4.79	73.2	15648
4.8	73.2	15660
4.81	73.3	15672
4.82	73.4	15687
4.83	73.4	15698
4.84	73.5	15708
4.85	73.5	15722
4.86	73.6	15732
4.87	73.6	15744
4.88	73.7	15757
4.89	73.7	15768
4.9	73.8	15781
4.91	73.8	15788
4.92	73.9	15797
4.93	73.9	15807
4.94	74.0	15820
4.95	74.0	15831
4.96	74.1	15844
4.97	74.1	15853
4.98	74.2	15864
4.99	74.2	15874
5.0	74.3	15887
5.01	74.3	15896
5.02	74.4	15902
5.03	74.4	15916
5.04	74.5	15922
5.05	74.5	15933
5.06	74.6	15948
5.07	74.6	15961
5.08	74.7	15972
5.09	74.8	15989
5.1	74.8	15997
5.11	74.9	16007
5.12	74.9	16013
5.13	74.9	16020
5.14	75.0	16031
5.15	75.0	16041
5.16	75.1	16052
5.17	75.1	16059
5.18	75.1	16065
5.19	75.2	16080
5.2	75.3	16092
5.21	75.3	16109
5.22	75.4	16120
5.23	75.4	16128
5.24	75.5	16138
5.25	75.5	16149
5.26	75.6	16156
5.27	75.6	16167
5.28	75.6	16171
5.29	75.7	16177
5.3	75.7	16184
5.31	75.8	16197
5.32	75.8	16212
5.33	75.9	16220
5.34	75.9	16228
5.35	76.0	16241
5.36	76.0	16252
5.37	76.1	16270
5.38	76.2	16283
5.39	76.2	16290
5.4	76.2	16299
5.41	76.3	16308
5.42	76.3	16316
5.43	76.3	16324
5.44	76.4	16334
5.45	76.4	16341
5.46	76.5	16354
5.47	76.5	16364
5.48	76.6	16370
5.49	76.6	16389
5.5	76.7	16400
5.51	76.7	16409
5.52	76.8	16422
5.53	76.8	16432
5.54	76.9	16442
5.55	76.9	16446
5.56	77.0	16455
5.57	77.0	16465
5.58	77.1	16475
5.59	77.1	16480
5.6	77.1	16488
5.61	77.2	16499
5.62	77.2	16504
5.63	77.2	16513
5.64	77.3	16531
5.65	77.3	16537
5.66	77.4	16542
5.67	77.4	16555
5.68	77.5	16565
5.69	77.5	16573
5.7	77.6	16584
5.71	77.6	16589
5.72	77.6	16598
5.73	77.7	16608
5.74	77.7	16619
5.75	77.8	16626
5.76	77.8	16632
5.77	77.9	16646
5.78	77.9	16659
5.79	77.9	16665
5.8	78.0	16672
5.81	78.0	16685
5.82	78.1	16699
5.83	78.1	16703
5.84	78.2	16716
5.85	78.2	16722
5.86	78.2	16731
5.87	78.3	16739
5.88	78.3	16748
5.89	78.4	16761
5.9	78.4	16770
5.91	78.5	16779
5.92	78.5	16782
5.93	78.5	16791
5.94	78.6	16804
5.95	78.6	16811
5.96	78.7	16820
5.97	78.7	16827
5.98	78.7	16835
5.99	78.8	16840
6.0	78.8	16851
6.01	78.8	16859
6.02	78.9	16871
6.03	79.0	16883
6.04	79.0	16890
6.05	79.0	16895
6.06	79.1	16905
6.07	79.1	16916
6.08	79.2	16927
6.09	79.2	16940
6.1	79.3	16950
6.11	79.3	16961
6.12	79.3	16966
6.13	79.4	16975
6.14	79.4	16981
6.15	79.5	16991
6.16	79.5	17006
6.17	79.6	17015
6.18	79.6	17021
6.19	79.6	17029
6.2	79.7	17035
6.21	79.7	17048
6.22	79.8	17055
6.23	79.8	17064
6.24	79.8	17072
6.25	79.9	17080
6.26	79.9	17087
6.27	80.0	17095
6.28	80.0	17105
6.29	80.0	17110
6.3	80.1	17119
6.31	80.1	17126
6.32	80.1	17133
6.33	80.2	17143
6.34	80.2	17150
6.35	80.2	17157
6.36	80.3	17161
6.37	80.3	17170
6.38	80.3	17177
6.39	80.4	17181
6.4	80.4	17187
6.41	80.4	17195
6.42	80.4	17201
6.43	80.5	17210
6.44	80.5	17218
6.45	80.5	17223
6.46	80.6	17231
6.47	80.6	17238
6.48	80.6	17244
6.49	80.7	17253
6.5	80.7	17259
6.51	80.7	17265
6.52	80.8	17272
6.53	80.8	17280
6.54	80.9	17288
6.55	80.9	17297
6.56	80.9	17304
6.57	81.0	17314
6.58	81.0	17318
6.59	81.0	17322
6.6	81.1	17331
6.61	81.1	17336
6.62	81.1	17345
6.63	81.2	17356
6.64	81.2	17363
6.65	81.2	17370
6.66	81.3	17374
6.67	81.3	17385
6.68	81.3	17391
6.69	81.4	17395
6.7	81.4	17400
6.71	81.4	17403
6.72	81.4	17411
6.73	81.5	17418
6.74	81.5	17424
6.75	81.5	17433
6.76	81.6	17440
6.77	81.6	17451
6.78	81.6	17456
6.79	81.7	17460
6.8	81.7	17464
6.81	81.7	17473
6.82	81.8	17481
6.83	81.8	17489
6.84	81.8	17495
6.85	81.8	17501
6.86	81.9	17504
6.87	81.9	17509
6.88	81.9	17515
6.89	82.0	17523
6.9	82.0	17530
6.91	82.0	17536
6.92	82.1	17544
6.93	82.1	17553
6.94	82.1	17560
6.95	82.1	17565
6.96	82.2	17569
6.97	82.2	17576
6.98	82.2	17583
6.99	82.3	17592
7.0	82.3	17597
7.01	82.3	17602
7.02	82.4	17613
7.03	82.4	17622
7.04	82.4	17625
7.05	82.4	17629
7.06	82.5	17635
7.07	82.5	17640
7.08	82.5	17644
7.09	82.5	17646
7.1	82.5	17648
7.11	82.6	17658
7.12	82.6	17665
7.13	82.7	17676
7.14	82.7	17685
7.15	82.7	17687
7.16	82.7	17690
7.17	82.7	17693
7.18	82.8	17701
7.19	82.8	17706
7.2	82.8	17709
7.21	82.8	17714
7.22	82.9	17722
7.23	82.9	17730
7.24	82.9	17733
7.25	83.0	17740
7.26	83.0	17750
7.27	83.1	17758
7.28	83.1	17761
7.29	83.1	17765
7.3	83.1	17774
7.31	83.2	17781
7.32	83.2	17786
7.33	83.2	17791
7.34	83.2	17799
7.35	83.3	17805
7.36	83.3	17809
7.37	83.3	17817
7.38	83.4	17825
7.39	83.4	17836
7.4	83.5	17846
7.41	83.5	17854
7.42	83.5	17859
7.43	83.6	17869
7.44	83.6	17879
7.45	83.7	17887
7.46	83.7	17892
7.47	83.7	17898
7.48	83.7	17907
7.49	83.8	17913
7.5	83.8	17918
7.51	83.8	17928
7.52	83.9	17932
7.53	83.9	17936
7.54	83.9	17942
7.55	84.0	17952
7.56	84.0	17957
7.57	84.0	17967
7.58	84.0	17971
7.59	84.1	17976
7.6	84.1	17982
7.61	84.1	17988
7.62	84.1	17990
7.63	84.2	17997
7.64	84.2	17998
7.65	84.2	18004
7.66	84.2	18011
7.67	84.2	18012
7.68	84.3	18023
7.69	84.3	18030
7.7	84.4	18036
7.71	84.4	18038
7.72	84.4	18044
7.73	84.4	18050
7.74	84.5	18059
7.75	84.5	18063
7.76	84.5	18068
7.77	84.5	18076
7.78	84.6	18081
7.79	84.6	18086
7.8	84.6	18088
7.81	84.6	18089
7.82	84.6	18093
7.83	84.6	18097
7.84	84.7	18102
7.85	84.7	18106
7.86	84.7	18112
7.87	84.7	18116
7.88	84.7	18121
7.89	84.8	18129
7.9	84.8	18137
7.91	84.8	18139
7.92	84.8	18141
7.93	84.8	18142
7.94	84.9	18145
7.95	84.9	18151
7.96	84.9	18157
7.97	84.9	18161
7.98	85.0	18167
7.99	85.0	18173
8.0	85.0	18176
8.01	85.0	18181
8.02	85.0	18182
8.04	85.1	18187
8.05	85.1	18190
8.06	85.1	18191
8.07	85.1	18195
8.08	85.1	18202
8.09	85.2	18207
8.1	85.2	18211
8.11	85.2	18220
8.12	85.2	18221
8.13	85.2	18227
8.14	85.3	18236
8.15	85.3	18242
8.16	85.3	18249
8.17	85.4	18256
8.18	85.4	18259
8.19	85.4	18261
8.2	85.4	18265
8.21	85.4	18268
8.22	85.5	18272
8.23	85.5	18275
8.24	85.5	18281
8.25	85.5	18286
8.26	85.5	18289
8.27	85.5	18292
8.28	85.6	18298
8.29	85.6	18304
8.3	85.6	18308
8.31	85.6	18313
8.32	85.7	18314
8.33	85.7	18320
8.34	85.7	18327
8.35	85.7	18328
8.36	85.7	18332
8.37	85.8	18340
8.38	85.8	18343
8.39	85.8	18347
8.4	85.8	18353
8.41	85.9	18357
8.42	85.9	18365
8.43	85.9	18372
8.44	86.0	18379
8.45	86.0	18386
8.46	86.0	18391
8.47	86.0	18397
8.48	86.1	18403
8.49	86.1	18404
8.5	86.1	18415
8.51	86.1	18418
8.52	86.1	18420
8.53	86.2	18424
8.54	86.2	18427
8.55	86.2	18430
8.56	86.2	18440
8.57	86.3	18444
8.58	86.3	18453
8.59	86.3	18458
8.6	86.3	18463
8.61	86.4	18468
8.62	86.4	18472
8.63	86.4	18478
8.64	86.4	18479
8.65	86.5	18485
8.66	86.5	18487
8.67	86.5	18492
8.69	86.5	18496
8.7	86.5	18499
8.71	86.5	18506
8.72	86.6	18515
8.73	86.6	18517
8.74	86.6	18522
8.75	86.6	18526
8.76	86.7	18531
8.77	86.7	18537
8.78	86.7	18544
8.79	86.7	18546
8.8	86.8	18549
8.81	86.8	18551
8.82	86.8	18552
8.83	86.8	18555
8.84	86.8	18558
8.85	86.8	18563
8.86	86.8	18565
8.87	86.8	18569
8.88	86.9	18574
8.89	86.9	18579
8.9	86.9	18582
8.91	86.9	18586
8.92	86.9	18589
8.93	87.0	18593
8.94	87.0	18596
8.95	87.0	18598
8.96	87.0	18601
8.97	87.0	18607
8.98	87.0	18609
8.99	87.0	18611
9.0	87.1	18616
9.01	87.1	18618
9.02	87.1	18622
9.03	87.1	18628
9.04	87.1	18634
9.05	87.2	18636
9.06	87.2	18641
9.07	87.2	18643
9.08	87.2	18647
9.09	87.2	18654
9.1	87.3	18657
9.11	87.3	18659
9.12	87.3	18667
9.13	87.3	18673
9.14	87.4	18678
9.15	87.4	18685
9.16	87.4	18687
9.17	87.4	18694
9.18	87.4	18697
9.19	87.5	18701
9.2	87.5	18708
9.21	87.5	18713
9.22	87.5	18715
9.23	87.6	18721
9.24	87.6	18725
9.25	87.6	18728
9.26	87.6	18731
9.27	87.6	18733
9.28	87.6	18736
9.29	87.7	18742
9.3	87.7	18746
9.31	87.7	18751
9.32	87.7	18759
9.33	87.7	18761
9.34	87.8	18767
9.35	87.8	18769
9.37	87.8	18771
9.38	87.8	18773
9.39	87.8	18774
9.4	87.8	18781
9.41	87.8	18782
9.42	87.8	18784
9.43	87.9	18786
9.44	87.9	18793
9.45	87.9	18796
9.46	87.9	18803
9.47	87.9	18805
9.48	88.0	18808
9.49	88.0	18813
9.5	88.0	18817
9.51	88.0	18821
9.52	88.0	18822
9.53	88.1	18827
9.54	88.1	18830
9.55	88.1	18835
9.56	88.1	18838
9.57	88.1	18844
9.58	88.1	18847
9.59	88.2	18852
9.6	88.2	18855
9.61	88.2	18861
9.62	88.2	18865
9.63	88.2	18868
9.65	88.3	18870
9.66	88.3	18876
9.67	88.3	18879
9.68	88.3	18883
9.69	88.3	18890
9.7	88.4	18892
9.71	88.4	18896
9.72	88.4	18898
9.73	88.4	18902
9.74	88.4	18905
9.75	88.4	18907
9.76	88.4	18909
9.77	88.5	18917
9.78	88.5	18920
9.79	88.5	18924
9.8	88.5	18929
9.81	88.5	18930
9.82	88.6	18937
9.83	88.6	18938
9.84	88.6	18944
9.85	88.6	18945
9.86	88.6	18947
9.87	88.6	18951
9.88	88.7	18956
9.89	88.7	18960
9.9	88.7	18961
9.91	88.7	18966
9.92	88.7	18967
9.93	88.7	18974
9.94	88.7	18976
9.95	88.8	18978
9.96	88.8	18983
9.97	88.8	18985
9.98	88.8	18987
9.99	88.8	18990
10.0	88.8	18996
10.01	88.9	18999
10.02	88.9	19003
10.03	88.9	19007
10.04	88.9	19009
10.05	88.9	19013
10.06	88.9	19015
10.07	88.9	19019
10.08	89.0	19022
10.09	89.0	19026
10.1	89.0	19032
10.11	89.0	19034
10.12	89.1	19041
10.13	89.1	19044
10.14	89.1	19047
10.15	89.1	19048
10.16	89.1	19050
10.17	89.1	19052
10.18	89.1	19061
10.19	89.1	19062
10.2	89.2	19065
10.21	89.2	19070
10.22	89.2	19075
10.23	89.2	19076
10.24	89.2	19081
10.25	89.3	19088
10.26	89.3	19093
10.27	89.3	19095
10.28	89.3	19096
10.29	89.3	19103
10.3	89.4	19106
10.31	89.4	19107
10.32	89.4	19108
10.33	89.4	19115
10.34	89.4	19116
10.35	89.4	19118
10.36	89.4	19120
10.37	89.4	19124
10.38	89.4	19126
10.39	89.5	19127
10.4	89.5	19128
10.41	89.5	19131
10.42	89.5	19136
10.43	89.5	19138
10.44	89.5	19142
10.45	89.5	19143
10.46	89.5	19144
10.47	89.6	19148
10.48	89.6	19149
10.5	89.6	19153
10.51	89.6	19157
10.52	89.6	19163
10.53	89.6	19165
10.54	89.7	19170
10.55	89.7	19173
10.56	89.7	19174
10.57	89.7	19175
10.58	89.7	19178
10.59	89.7	19180
10.6	89.7	19182
10.61	89.7	19185
10.62	89.7	19188
10.63	89.7	19190
10.64	89.8	19197
10.65	89.8	19198
10.66	89.8	19199
10.67	89.8	19203
10.68	89.8	19206
10.7	89.8	19207
10.71	89.9	19213
10.72	89.9	19215
10.73	89.9	19216
10.74	89.9	19221
10.75	89.9	19227
10.77	89.9	19229
10.78	89.9	19230
10.79	89.9	19231
10.8	89.9	19232
10.81	90.0	19234
10.82	90.0	19238
10.83	90.0	19242
10.84	90.0	19244
10.85	90.0	19249
10.86	90.0	19251
10.87	90.1	19255
10.88	90.1	19256
10.89	90.1	19257
10.9	90.1	19258
10.91	90.1	19262
10.92	90.1	19264
10.93	90.1	19266
10.94	90.1	19268
10.95	90.1	19271
10.96	90.1	19272
10.97	90.1	19273
10.98	90.2	19276
10.99	90.2	19280
11.0	90.2	19282
11.01	90.2	19286
11.02	90.2	19292
11.03	90.2	19293
11.04	90.2	19296
11.05	90.3	19298
11.06	90.3	19299
11.07	90.3	19302
11.08	90.3	19305
11.1	90.3	19309
11.11	90.3	19310
11.12	90.3	19311
11.13	90.3	19315
11.14	90.3	19318
11.15	90.4	19319
11.16	90.4	19321
11.17	90.4	19325
11.19	90.4	19331
11.2	90.4	19333
11.21	90.4	19334
11.23	90.4	19339
11.24	90.5	19343
11.25	90.5	19344
11.26	90.5	19347
11.27	90.5	19350
11.28	90.5	19353
11.29	90.5	19357
11.3	90.5	19360
11.31	90.5	19361
11.33	90.6	19365
11.34	90.6	19367
11.35	90.6	19368
11.36	90.6	19370
11.37	90.6	19373
11.38	90.6	19378
11.39	90.6	19379
11.4	90.7	19383
11.41	90.7	19384
11.42	90.7	19388
11.43	90.7	19391
11.44	90.7	19394
11.45	90.7	19396
11.46	90.7	19398
11.47	90.7	19400
11.48	90.7	19404
11.49	90.8	19406
11.5	90.8	19411
11.51	90.8	19413
11.53	90.8	19415
11.55	90.8	19416
11.56	90.8	19419
11.57	90.8	19421
11.58	90.9	19426
11.59	90.9	19427
11.6	90.9	19428
11.61	90.9	19432
11.63	90.9	19435
11.64	90.9	19438
11.65	90.9	19442
11.66	90.9	19445
11.67	90.9	19446
11.68	91.0	19448
11.69	91.0	19449
11.7	91.0	19451
11.71	91.0	19454
11.72	91.0	19456
11.73	91.0	19458
11.74	91.0	19460
11.75	91.0	19463
11.76	91.0	19465
11.77	91.0	19466
11.78	91.0	19468
11.79	91.1	19471
11.8	91.1	19474
11.81	91.1	19478
11.83	91.1	19479
11.84	91.1	19481
11.85	91.1	19483
11.86	91.1	19486
11.87	91.1	19487
11.88	91.1	19489
11.89	91.2	19492
11.9	91.2	19495
11.91	91.2	19498
11.92	91.2	19503
11.93	91.2	19504
11.94	91.2	19505
11.95	91.2	19508
11.96	91.2	19510
11.97	91.3	19513
11.98	91.3	19516
11.99	91.3	19525
12.0	91.3	19526
12.01	91.3	19528
12.02	91.3	19529
12.03	91.3	19530
12.04	91.4	19533
12.05	91.4	19534
12.06	91.4	19538
12.07	91.4	19540
12.08	91.4	19542
12.1	91.4	19547
12.11	91.4	19549
12.12	91.4	19551
12.13	91.4	19552
12.14	91.5	19554
12.15	91.5	19556
12.16	91.5	19557
12.19	91.5	19560
12.2	91.5	19562
12.21	91.5	19567
12.22	91.5	19569
12.23	91.5	19570
12.24	91.5	19571
12.25	91.5	19575
12.26	91.6	19577
12.27	91.6	19580
12.28	91.6	19581
12.29	91.6	19584
12.3	91.6	19586
12.31	91.6	19588
12.32	91.6	19592
12.33	91.6	19593
12.34	91.7	19597
12.35	91.7	19599
12.36	91.7	19600
12.37	91.7	19602
12.38	91.7	19603
12.39	91.7	19606
12.4	91.7	19607
12.41	91.7	19608
12.42	91.7	19609
12.44	91.7	19611
12.45	91.7	19616
12.47	91.7	19617
12.49	91.8	19618
12.5	91.8	19623
12.52	91.8	19627
12.53	91.8	19628
12.54	91.8	19629
12.56	91.8	19634
12.57	91.8	19637
12.58	91.8	19638
12.59	91.8	19639
12.6	91.9	19640
12.61	91.9	19641
12.63	91.9	19645
12.64	91.9	19649
12.65	91.9	19650
12.67	91.9	19653
12.68	91.9	19654
12.69	91.9	19656
12.7	91.9	19659
12.71	91.9	19660
12.72	92.0	19664
12.73	92.0	19666
12.74	92.0	19667
12.75	92.0	19671
12.76	92.0	19676
12.77	92.0	19678
12.78	92.0	19680
12.79	92.0	19682
12.8	92.1	19683
12.81	92.1	19685
12.82	92.1	19686
12.86	92.1	19688
12.87	92.1	19690
12.89	92.1	19693
12.9	92.1	19695
12.91	92.1	19697
12.92	92.1	19699
12.93	92.1	19700
12.94	92.1	19702
12.96	92.2	19706
13.0	92.2	19707
13.01	92.2	19708
13.03	92.2	19709
13.04	92.2	19711
13.05	92.2	19713
13.07	92.2	19716
13.08	92.2	19720
13.09	92.2	19721
13.1	92.2	19724
13.11	92.3	19725
13.12	92.3	19726
13.13	92.3	19728
13.14	92.3	19729
13.17	92.3	19733
13.18	92.3	19735
13.2	92.3	19736
13.21	92.3	19738
13.22	92.3	19740
13.23	92.3	19742
13.24	92.3	19743
13.26	92.3	19744
13.27	92.3	19745
13.28	92.3	19746
13.29	92.4	19747
13.3	92.4	19752
13.31	92.4	19754
13.32	92.4	19755
13.33	92.4	19756
13.34	92.4	19758
13.35	92.4	19761
13.37	92.4	19762
13.39	92.4	19764
13.4	92.4	19765
13.42	92.4	19766
13.43	92.5	19770
13.44	92.5	19771
13.45	92.5	19773
13.46	92.5	19776
13.47	92.5	19778
13.48	92.5	19780
13.49	92.5	19784
13.51	92.5	19786
13.52	92.5	19787
13.53	92.6	19790
13.54	92.6	19792
13.55	92.6	19798
13.56	92.6	19800
13.57	92.6	19801
13.59	92.6	19804
13.61	92.6	19805
13.62	92.6	19807
13.63	92.6	19810
13.65	92.7	19811
13.66	92.7	19814
13.67	92.7	19816
13.68	92.7	19818
13.69	92.7	19819
13.71	92.7	19824
13.73	92.7	19825
13.76	92.7	19826
13.77	92.7	19828
13.78	92.7	19830
13.79	92.8	19833
13.8	92.8	19834
13.81	92.8	19836
13.82	92.8	19837
13.83	92.8	19839
13.84	92.8	19841
13.85	92.8	19844
13.86	92.8	19845
13.87	92.8	19847
13.88	92.8	19848
13.89	92.8	19850
13.9	92.8	19853
13.91	92.9	19854
13.92	92.9	19856
13.95	92.9	19858
13.96	92.9	19859
13.97	92.9	19860
13.98	92.9	19862
13.99	92.9	19868
14.0	92.9	19871
14.01	92.9	19872
14.04	92.9	19874
14.05	93.0	19875
14.06	93.0	19877
14.07	93.0	19879
14.08	93.0	19880
14.09	93.0	19883
14.1	93.0	19884
14.11	93.0	19886
14.12	93.0	19888
14.13	93.0	19892
14.14	93.0	19894
14.16	93.1	19897
14.17	93.1	19900
14.19	93.1	19902
14.21	93.1	19904
14.23	93.1	19906
14.24	93.1	19907
14.25	93.1	19909
14.26	93.1	19910
14.28	93.1	19915
14.29	93.1	19917
14.31	93.2	19918
14.32	93.2	19919
14.35	93.2	19920
14.37	93.2	19923
14.39	93.2	19925
14.4	93.2	19926
14.41	93.2	19927
14.42	93.2	19928
14.43	93.2	19929
14.44	93.2	19930
14.46	93.2	19932
14.47	93.2	19933
14.48	93.2	19936
14.49	93.3	19939
14.5	93.3	19940
14.52	93.3	19944
14.55	93.3	19945
14.56	93.3	19946
14.57	93.3	19948
14.59	93.3	19949
14.6	93.3	19957
14.61	93.3	19958
14.62	93.3	19959
14.63	93.4	19961
14.68	93.4	19962
14.69	93.4	19963
14.7	93.4	19965
14.71	93.4	19968
14.72	93.4	19969
14.74	93.4	19970
14.75	93.4	19971
14.76	93.4	19974
14.77	93.4	19980
14.79	93.5	19983
14.8	93.5	19984
14.82	93.5	19986
14.84	93.5	19988
14.85	93.5	19990
14.86	93.5	19992
14.87	93.5	19993
14.88	93.5	19994
14.89	93.5	19995
14.9	93.5	19996
14.91	93.5	19998
14.92	93.5	19999
14.93	93.5	20000
14.95	93.6	20004
14.97	93.6	20007
14.99	93.6	20008
15.01	93.6	20009
15.02	93.6	20011
15.03	93.6	20016
15.04	93.6	20018
15.05	93.6	20020
15.06	93.6	20021
15.07	93.6	20022
15.08	93.6	20024
15.09	93.7	20025
15.12	93.7	20027
15.14	93.7	20030
15.15	93.7	20032
15.16	93.7	20035
15.17	93.7	20036
15.18	93.7	20037
15.19	93.7	20040
15.2	93.7	20041
15.22	93.7	20044
15.24	93.7	20045
15.25	93.8	20049
15.27	93.8	20055
15.28	93.8	20056
15.33	93.8	20059
15.35	93.8	20061
15.36	93.8	20064
15.38	93.8	20065
15.39	93.8	20066
15.4	93.9	20068
15.41	93.9	20072
15.42	93.9	20073
15.43	93.9	20075
15.44	93.9	20078
15.46	93.9	20079
15.48	93.9	20080
15.49	93.9	20081
15.5	93.9	20082
15.51	93.9	20084
15.53	93.9	20086
15.54	93.9	20087
15.57	94.0	20089
15.58	94.0	20090
15.59	94.0	20091
15.6	94.0	20092
15.61	94.0	20093
15.62	94.0	20096
15.64	94.0	20097
15.66	94.0	20098
15.67	94.0	20099
15.69	94.0	20103
15.71	94.0	20107
15.72	94.0	20109
15.74	94.1	20110
15.75	94.1	20111
15.77	94.1	20112
15.79	94.1	20113
15.8	94.1	20120
15.81	94.1	20123
15.82	94.1	20125
15.83	94.1	20128
15.85	94.1	20130
15.87	94.1	20131
15.88	94.2	20133
15.89	94.2	20135
15.94	94.2	20137
15.95	94.2	20139
15.96	94.2	20140
15.97	94.2	20142
15.98	94.2	20145
15.99	94.2	20148
16.01	94.2	20149
16.03	94.2	20151
16.04	94.2	20152
16.05	94.3	20154
16.07	94.3	20155
16.1	94.3	20156
16.11	94.3	20158
16.15	94.3	20161
16.16	94.3	20162
16.18	94.3	20163
16.19	94.3	20164
16.2	94.3	20165
16.21	94.3	20166
16.22	94.3	20168
16.24	94.3	20169
16.25	94.3	20172
16.27	94.3	20173
16.28	94.4	20174
16.32	94.4	20175
16.33	94.4	20176
16.34	94.4	20177
16.37	94.4	20179
16.38	94.4	20180
16.39	94.4	20181
16.42	94.4	20182
16.45	94.4	20184
16.46	94.4	20185
16.47	94.4	20186
16.49	94.4	20187
16.52	94.4	20188
16.53	94.4	20189
16.57	94.4	20190
16.59	94.4	20191
16.6	94.4	20193
16.61	94.4	20194
16.64	94.5	20197
16.65	94.5	20198
16.66	94.5	20199
16.67	94.5	20200
16.69	94.5	20201
16.71	94.5	20202
16.72	94.5	20203
16.76	94.5	20205
16.77	94.5	20206
16.78	94.5	20208
16.79	94.5	20209
16.8	94.5	20210
16.81	94.5	20211
16.82	94.5	20213
16.84	94.5	20214
16.85	94.5	20215
16.86	94.6	20217
16.89	94.6	20220
16.93	94.6	20223
16.94	94.6	20224
16.96	94.6	20225
16.97	94.6	20226
16.98	94.6	20227
17.0	94.6	20231
17.01	94.6	20232
17.04	94.6	20233
17.06	94.6	20234
17.08	94.6	20235
17.1	94.6	20236
17.14	94.6	20237
17.15	94.6	20238
17.17	94.7	20239
17.18	94.7	20240
17.19	94.7	20241
17.2	94.7	20245
17.22	94.7	20246
17.23	94.7	20247
17.28	94.7	20250
17.29	94.7	20251
17.3	94.7	20252
17.35	94.7	20255
17.36	94.7	20256
17.37	94.7	20257
17.42	94.7	20258
17.43	94.8	20260
17.45	94.8	20262
17.46	94.8	20264
17.47	94.8	20266
17.48	94.8	20267
17.49	94.8	20268
17.55	94.8	20269
17.57	94.8	20270
17.58	94.8	20271
17.59	94.8	20272
17.62	94.8	20275
17.63	94.8	20276
17.64	94.8	20278
17.66	94.8	20279
17.68	94.8	20280
17.72	94.9	20282
17.74	94.9	20283
17.76	94.9	20285
17.77	94.9	20286
17.82	94.9	20289
17.83	94.9	20290
17.86	94.9	20293
17.87	94.9	20294
17.89	94.9	20297
17.9	94.9	20298
17.91	94.9	20299
17.94	94.9	20300
17.96	94.9	20301
17.97	95.0	20304
17.98	95.0	20305
18.01	95.0	20306
18.03	95.0	20307
18.04	95.0	20308
18.05	95.0	20310
18.08	95.0	20311
18.11	95.0	20313
18.15	95.0	20315
18.16	95.0	20316
18.18	95.0	20317
18.19	95.0	20318
18.2	95.0	20319
18.21	95.0	20320
18.24	95.0	20321
18.25	95.0	20322
18.3	95.0	20323
18.32	95.1	20326
18.33	95.1	20327
18.34	95.1	20330
18.36	95.1	20332
18.37	95.1	20334
18.38	95.1	20335
18.41	95.1	20337
18.43	95.1	20340
18.44	95.1	20342
18.46	95.1	20343
18.49	95.2	20346
18.5	95.2	20347
18.51	95.2	20348
18.54	95.2	20351
18.55	95.2	20355
18.56	95.2	20358
18.59	95.2	20360
18.6	95.2	20361
18.62	95.2	20363
18.64	95.2	20365
18.66	95.3	20369
18.68	95.3	20371
18.71	95.3	20373
18.73	95.3	20375
18.74	95.3	20376
18.75	95.3	20378
18.76	95.3	20379
18.77	95.3	20380
18.78	95.3	20382
18.8	95.3	20383
18.82	95.3	20384
18.84	95.3	20385
18.87	95.3	20386
18.9	95.3	20387
18.91	95.4	20391
18.92	95.4	20392
18.95	95.4	20393
18.98	95.4	20394
19.02	95.4	20395
19.04	95.4	20396
19.06	95.4	20399
19.08	95.4	20400
19.09	95.4	20401
19.18	95.4	20403
19.19	95.4	20406
19.21	95.4	20408
19.22	95.4	20409
19.23	95.5	20410
19.26	95.5	20412
19.31	95.5	20413
19.32	95.5	20414
19.33	95.5	20415
19.34	95.5	20416
19.36	95.5	20417
19.38	95.5	20418
19.4	95.5	20419
19.43	95.5	20420
19.44	95.5	20421
19.45	95.5	20423
19.46	95.5	20424
19.47	95.5	20427
19.5	95.5	20428
19.51	95.5	20429
19.56	95.6	20433
19.59	95.6	20435
19.6	95.6	20436
19.61	95.6	20438
19.67	95.6	20439
19.71	95.6	20440
19.72	95.6	20444
19.73	95.6	20446
19.75	95.6	20447
19.76	95.6	20449
19.78	95.6	20451
19.79	95.7	20452
19.8	95.7	20454
19.81	95.7	20455
19.83	95.7	20456
19.87	95.7	20458
19.9	95.7	20459
19.91	95.7	20461
19.92	95.7	20462
19.93	95.7	20464
19.96	95.7	20465
19.97	95.7	20466
20.0	95.7	20467
20.01	95.7	20468
20.03	95.7	20469
20.05	95.7	20471
20.06	95.7	20472
20.08	95.7	20473
20.09	95.8	20474
20.11	95.8	20476
20.13	95.8	20477
20.14	95.8	20479
20.15	95.8	20480
20.18	95.8	20481
20.21	95.8	20482
20.23	95.8	20483
20.28	95.8	20484
20.29	95.8	20486
20.31	95.8	20487
20.33	95.8	20488
20.34	95.8	20489
20.36	95.8	20490
20.37	95.8	20491
20.39	95.8	20493
20.41	95.8	20494
20.42	95.9	20495
20.43	95.9	20497
20.45	95.9	20498
20.46	95.9	20499
20.47	95.9	20500
20.5	95.9	20501
20.51	95.9	20503
20.54	95.9	20504
20.59	95.9	20505
20.6	95.9	20506
20.61	95.9	20507
20.65	95.9	20508
20.66	95.9	20510
20.67	95.9	20511
20.68	95.9	20512
20.69	95.9	20513
20.72	95.9	20514
20.78	95.9	20515
20.79	95.9	20516
20.81	96.0	20517
20.82	96.0	20518
20.85	96.0	20521
20.86	96.0	20523
20.87	96.0	20524
20.89	96.0	20525
20.9	96.0	20526
20.92	96.0	20527
20.97	96.0	20528
20.99	96.0	20530
21.01	96.0	20532
21.02	96.0	20533
21.03	96.0	20535
21.04	96.0	20536
21.08	96.0	20537
21.09	96.1	20539
21.14	96.1	20541
21.17	96.1	20543
21.19	96.1	20544
21.2	96.1	20545
21.21	96.1	20546
21.22	96.1	20547
21.24	96.1	20548
21.26	96.1	20550
21.3	96.1	20551
21.32	96.1	20552
21.34	96.1	20553
21.39	96.1	20555
21.42	96.1	20556
21.43	96.1	20557
21.44	96.1	20558
21.5	96.2	20560
21.52	96.2	20561
21.55	96.2	20562
21.56	96.2	20563
21.57	96.2	20566
21.59	96.2	20567
21.6	96.2	20568
21.61	96.2	20570
21.63	96.2	20571
21.66	96.2	20572
21.71	96.2	20573
21.79	96.2	20575
21.84	96.2	20577
21.87	96.2	20579
21.88	96.2	20580
21.89	96.3	20581
21.91	96.3	20583
21.97	96.3	20585
21.98	96.3	20586
21.99	96.3	20587
22.02	96.3	20588
22.03	96.3	20589
22.08	96.3	20590
22.15	96.3	20591
22.16	96.3	20592
22.2	96.3	20593
22.21	96.3	20596
22.24	96.3	20597
22.28	96.3	20598
22.29	96.3	20599
22.3	96.3	20600
22.32	96.3	20601
22.35	96.4	20602
22.36	96.4	20603
22.37	96.4	20604
22.39	96.4	20607
22.41	96.4	20608
22.53	96.4	20609
22.56	96.4	20610
22.57	96.4	20611
22.58	96.4	20612
22.62	96.4	20613
22.63	96.4	20615
22.64	96.4	20617
22.71	96.4	20618
22.72	96.4	20619
22.73	96.4	20620
22.74	96.4	20621
22.77	96.4	20622
22.79	96.5	20624
22.82	96.5	20625
22.86	96.5	20626
22.9	96.5	20627
22.91	96.5	20628
22.92	96.5	20629
22.94	96.5	20630
22.96	96.5	20632
22.97	96.5	20633
23.0	96.5	20634
23.02	96.5	20635
23.05	96.5	20636
23.06	96.5	20638
23.11	96.5	20639
23.12	96.5	20640
23.13	96.5	20641
23.15	96.5	20643
23.18	96.5	20644
23.25	96.6	20645
23.27	96.6	20646
23.29	96.6	20648
23.3	96.6	20649
23.31	96.6	20651
23.33	96.6	20654
23.36	96.6	20655
23.37	96.6	20656
23.38	96.6	20657
23.42	96.6	20658
23.44	96.6	20659
23.45	96.6	20660
23.46	96.6	20662
23.47	96.6	20663
23.49	96.6	20664
23.53	96.7	20666
23.58	96.7	20668
23.63	96.7	20669
23.66	96.7	20670
23.71	96.7	20671
23.74	96.7	20672
23.78	96.7	20673
23.82	96.7	20674
23.83	96.7	20675
23.87	96.7	20676
23.89	96.7	20677
23.96	96.7	20678
23.97	96.7	20679
23.98	96.7	20680
24.05	96.7	20681
24.1	96.7	20682
24.14	96.7	20684
24.15	96.7	20685
24.17	96.7	20686
24.18	96.7	20687
24.2	96.8	20688
24.23	96.8	20689
24.25	96.8	20693
24.29	96.8	20694
24.39	96.8	20696
24.4	96.8	20697
24.43	96.8	20699
24.44	96.8	20700
24.45	96.8	20701
24.5	96.8	20702
24.54	96.8	20703
24.57	96.8	20704
24.58	96.8	20705
24.63	96.8	20706
24.65	96.8	20707
24.67	96.8	20708
24.69	96.9	20709
24.71	96.9	20710
24.77	96.9	20711
24.78	96.9	20712
24.82	96.9	20713
24.88	96.9	20714
24.89	96.9	20715
24.91	96.9	20716
24.92	96.9	20717
24.93	96.9	20718
25.0	96.9	20719
25.01	96.9	20720
25.04	96.9	20721
25.18	96.9	20722
25.19	96.9	20723
25.21	96.9	20724
25.24	96.9	20725
25.25	96.9	20726
25.29	96.9	20728
25.33	97.0	20730
25.34	97.0	20731
25.35	97.0	20734
25.38	97.0	20735
25.42	97.0	20736
25.54	97.0	20737
25.57	97.0	20739
25.58	97.0	20740
25.6	97.0	20741
25.62	97.0	20744
25.67	97.0	20745
25.7	97.0	20746
25.74	97.0	20749
25.75	97.0	20750
25.78	97.0	20751
25.79	97.1	20753
25.8	97.1	20754
25.81	97.1	20755
25.88	97.1	20756
25.89	97.1	20757
25.92	97.1	20758
25.93	97.1	20759
25.96	97.1	20760
25.97	97.1	20762
25.98	97.1	20763
26.03	97.1	20764
26.05	97.1	20765
26.08	97.1	20768
26.12	97.1	20771
26.15	97.1	20772
26.16	97.2	20773
26.18	97.2	20774
26.22	97.2	20775
26.24	97.2	20776
26.28	97.2	20777
26.29	97.2	20778
26.31	97.2	20779
26.32	97.2	20780
26.33	97.2	20781
26.36	97.2	20782
26.38	97.2	20783
26.4	97.2	20784
26.46	97.2	20785
26.51	97.2	20786
26.52	97.2	20787
26.58	97.2	20788
26.67	97.2	20789
26.73	97.2	20791
26.77	97.2	20792
26.88	97.2	20793
26.93	97.3	20795
26.94	97.3	20796
27.03	97.3	20797
27.05	97.3	20798
27.06	97.3	20799
27.07	97.3	20800
27.08	97.3	20801
27.22	97.3	20802
27.23	97.3	20803
27.31	97.3	20804
27.32	97.3	20805
27.37	97.3	20806
27.42	97.3	20807
27.46	97.3	20808
27.48	97.3	20809
27.49	97.3	20810
27.53	97.3	20811
27.58	97.3	20812
27.68	97.3	20813
27.7	97.3	20814
27.73	97.3	20815
27.76	97.4	20816
27.78	97.4	20818
27.88	97.4	20820
27.91	97.4	20821
28.05	97.4	20822
28.06	97.4	20823
28.08	97.4	20824
28.1	97.4	20825
28.14	97.4	20826
28.15	97.4	20827
28.18	97.4	20828
28.2	97.4	20829
28.25	97.4	20830
28.32	97.4	20831
28.33	97.4	20832
28.37	97.4	20833
28.4	97.4	20834
28.41	97.4	20835
28.57	97.4	20836
28.58	97.5	20837
28.61	97.5	20838
28.69	97.5	20839
28.74	97.5	20840
28.82	97.5	20841
28.84	97.5	20843
28.87	97.5	20844
28.91	97.5	20845
28.92	97.5	20846
28.94	97.5	20847
28.96	97.5	20848
29.0	97.5	20849
29.04	97.5	20850
29.05	97.5	20851
29.08	97.5	20852
29.17	97.5	20853
29.2	97.5	20854
29.25	97.5	20855
29.32	97.5	20856
29.36	97.5	20857
29.46	97.5	20858
29.47	97.6	20859
29.51	97.6	20860
29.57	97.6	20861
29.63	97.6	20863
29.64	97.6	20864
29.67	97.6	20865
29.81	97.6	20866
29.83	97.6	20868
29.89	97.6	20869
29.9	97.6	20870
29.92	97.6	20871
29.95	97.6	20873
29.97	97.6	20874
29.98	97.6	20875
30.11	97.6	20876
30.14	97.6	20877
30.16	97.6	20878
30.17	97.6	20879
30.21	97.7	20880
30.3	97.7	20881
30.48	97.7	20882
30.53	97.7	20883
30.59	97.7	20884
30.64	97.7	20885
30.72	97.7	20886
30.74	97.7	20887
30.76	97.7	20888
30.79	97.7	20889
30.81	97.7	20890
30.82	97.7	20891
30.84	97.7	20892
30.87	97.7	20893
31.04	97.7	20894
31.05	97.7	20895
31.06	97.7	20896
31.08	97.7	20897
31.1	97.7	20898
31.14	97.7	20899
31.17	97.7	20900
31.18	97.8	20902
31.22	97.8	20904
31.29	97.8	20905
31.31	97.8	20906
31.34	97.8	20907
31.41	97.8	20909
31.46	97.8	20910
31.51	97.8	20912
31.53	97.8	20913
31.55	97.8	20914
31.8	97.8	20915
31.81	97.8	20916
31.89	97.8	20917
31.92	97.8	20918
31.94	97.8	20919
31.97	97.8	20920
31.99	97.8	20922
32.03	97.9	20923
32.04	97.9	20924
32.06	97.9	20925
32.08	97.9	20926
32.11	97.9	20927
32.12	97.9	20928
32.2	97.9	20929
32.21	97.9	20930
32.22	97.9	20931
32.36	97.9	20932
32.4	97.9	20933
32.58	97.9	20934
32.6	97.9	20935
32.61	97.9	20936
32.62	97.9	20937
32.68	97.9	20938
32.7	97.9	20939
32.81	97.9	20940
32.84	97.9	20941
32.93	97.9	20942
32.97	97.9	20943
33.1	98.0	20944
33.12	98.0	20946
33.24	98.0	20947
33.27	98.0	20948
33.38	98.0	20950
33.46	98.0	20951
33.52	98.0	20952
33.56	98.0	20953
33.57	98.0	20955
33.71	98.0	20956
33.76	98.0	20957
33.81	98.0	20958
33.84	98.0	20959
33.96	98.0	20960
34.02	98.0	20961
34.06	98.0	20964
34.1	98.0	20965
34.15	98.1	20966
34.31	98.1	20967
34.34	98.1	20968
34.39	98.1	20969
34.41	98.1	20970
34.45	98.1	20971
34.51	98.1	20972
34.52	98.1	20973
34.97	98.1	20974
35.0	98.1	20975
35.04	98.1	20976
35.05	98.1	20977
35.06	98.1	20978
35.15	98.1	20979
35.21	98.1	20980
35.22	98.1	20981
35.27	98.1	20982
35.34	98.1	20983
35.39	98.1	20984
35.4	98.1	20985
35.49	98.1	20986
35.66	98.2	20987
35.78	98.2	20988
35.85	98.2	20989
35.93	98.2	20990
35.97	98.2	20991
36.05	98.2	20992
36.06	98.2	20993
36.12	98.2	20994
36.14	98.2	20995
36.3	98.2	20996
36.31	98.2	20997
36.37	98.2	20998
36.49	98.2	20999
36.52	98.2	21000
36.54	98.2	21001
37.04	98.2	21002
37.28	98.2	21004
37.32	98.2	21005
37.44	98.2	21006
37.5	98.2	21007
37.6	98.3	21008
37.79	98.3	21009
38.01	98.3	21010
38.08	98.3	21011
38.09	98.3	21012
38.39	98.3	21013
38.59	98.3	21014
38.66	98.3	21015
38.8	98.3	21016
38.83	98.3	21017
39.19	98.3	21018
39.33	98.3	21019
39.37	98.3	21020
39.87	98.3	21021
40.04	98.3	21022
40.19	98.3	21023
40.42	98.3	21024
40.62	98.3	21025
40.86	98.3	21027
41.04	98.3	21028
41.05	98.3	21029
41.52	98.4	21030
41.65	98.4	21031
41.94	98.4	21032
41.98	98.4	21033
42.02	98.4	21034
42.09	98.4	21035
42.14	98.4	21036
42.21	98.4	21037
42.27	98.4	21038
42.31	98.4	21039
42.41	98.4	21040
42.42	98.4	21041
42.52	98.4	21042
42.62	98.4	21043
42.64	98.4	21044
42.71	98.4	21045
42.99	98.4	21046
43.02	98.4	21047
43.09	98.4	21048
43.11	98.4	21049
43.16	98.4	21050
43.45	98.5	21051
43.49	98.5	21052
43.66	98.5	21054
43.76	98.5	21055
43.85	98.5	21056
43.94	98.5	21057
43.97	98.5	21058
44.07	98.5	21059
44.1	98.5	21060
44.18	98.5	21061
44.38	98.5	21062
44.6	98.5	21063
44.64	98.5	21064
44.68	98.5	21065
44.73	98.5	21066
44.88	98.5	21067
45.05	98.5	21068
45.26	98.5	21069
45.38	98.5	21070
45.58	98.5	21071
45.9	98.6	21072
45.92	98.6	21073
46.11	98.6	21074
46.18	98.6	21076
46.28	98.6	21077
46.32	98.6	21078
46.36	98.6	21079
46.42	98.6	21080
46.58	98.6	21081
46.83	98.6	21082
46.94	98.6	21083
47.04	98.6	21084
47.05	98.6	21086
47.11	98.6	21087
47.13	98.6	21088
47.38	98.6	21089
47.67	98.6	21090
47.78	98.6	21091
47.88	98.6	21092
47.98	98.6	21093
48.03	98.7	21094
48.21	98.7	21095
48.85	98.7	21096
48.89	98.7	21097
49.0	98.7	21098
49.27	98.7	21099
49.28	98.7	21100
49.3	98.7	21101
49.47	98.7	21102
49.69	98.7	21103
50.5	98.7	21104
50.59	98.7	21105
50.77	98.7	21106
51.02	98.7	21107
51.12	98.7	21108
51.33	98.7	21109
51.43	98.7	21110
51.51	98.7	21112
51.57	98.7	21113
51.67	98.8	21116
51.94	98.8	21117
52.15	98.8	21118
52.22	98.8	21119
52.31	98.8	21121
52.33	98.8	21122
52.46	98.8	21123
52.66	98.8	21124
52.72	98.8	21125
52.78	98.8	21126
52.84	98.8	21127
52.85	98.8	21128
52.92	98.8	21129
52.97	98.8	21130
53.03	98.8	21131
53.06	98.8	21132
53.47	98.8	21133
53.56	98.8	21134
53.71	98.8	21135
53.8	98.8	21136
54.22	98.9	21137
54.32	98.9	21138
54.67	98.9	21139
55.45	98.9	21140
55.69	98.9	21141
55.83	98.9	21142
55.89	98.9	21143
55.97	98.9	21145
56.35	98.9	21146
56.73	98.9	21147
56.94	98.9	21148
57.24	98.9	21149
57.32	98.9	21150
57.5	98.9	21151
57.78	98.9	21152
58.0	98.9	21153
58.06	98.9	21154
58.44	98.9	21155
59.07	98.9	21156
59.55	98.9	21157
59.63	99.0	21158
59.73	99.0	21159
59.91	99.0	21160
59.93	99.0	21161
60.39	99.0	21162
60.67	99.0	21163
61.06	99.0	21164
61.32	99.0	21165
61.87	99.0	21166
62.7	99.0	21167
63.69	99.0	21168
64.36	99.0	21169
64.54	99.0	21170
64.74	99.0	21171
65.16	99.0	21172
65.44	99.0	21173
65.55	99.0	21174
65.62	99.0	21175
66.64	99.0	21176
66.67	99.0	21177
66.71	99.0	21178
66.74	99.1	21179
66.77	99.1	21180
66.9	99.1	21181
67.87	99.1	21182
68.39	99.1	21183
68.53	99.1	21184
69.75	99.1	21185
69.85	99.1	21186
71.0	99.1	21187
71.04	99.1	21188
71.97	99.1	21189
72.4	99.1	21190
73.38	99.1	21191
73.4	99.1	21192
74.4	99.1	21193
74.63	99.1	21194
75.88	99.1	21195
76.76	99.1	21196
76.83	99.1	21197
77.1	99.1	21198
77.32	99.1	21199
78.84	99.1	21200
79.54	99.2	21201
79.71	99.2	21202
80.39	99.2	21203
80.82	99.2	21204
81.75	99.2	21205
82.49	99.2	21206
83.33	99.2	21207
83.46	99.2	21208
83.96	99.2	21209
84.61	99.2	21210
84.68	99.2	21211
84.84	99.2	21212
85.32	99.2	21213
85.61	99.2	21214
85.95	99.2	21215
86.67	99.2	21216
86.71	99.2	21217
86.89	99.2	21218
90.11	99.2	21219
90.53	99.2	21220
90.74	99.2	21221
90.92	99.3	21222
92.13	99.3	21223
92.75	99.3	21224
93.29	99.3	21225
95.05	99.3	21226
95.45	99.3	21227
95.72	99.3	21228
95.96	99.3	21230
96.82	99.3	21231
96.9	99.3	21232
97.02	99.3	21233
97.48	99.3	21234
97.73	99.3	21235
98.49	99.3	21236
98.83	99.3	21237
102.46	99.3	21238
102.58	99.3	21239
104.82	99.3	21240
105.22	99.3	21241
105.53	99.3	21242
105.86	99.3	21243
106.06	99.4	21244
106.62	99.4	21245
107.79	99.4	21246
108.17	99.4	21247
113.32	99.4	21248
113.53	99.4	21249
117.56	99.4	21250
117.84	99.4	21251
118.87	99.4	21252
119.09	99.4	21253
119.65	99.4	21254
119.71	99.4	21255
122.65	99.4	21256
122.83	99.4	21257
124.35	99.4	21258
125.3	99.4	21259
125.4	99.4	21260
126.23	99.4	21261
132.83	99.4	21262
134.19	99.4	21263
138.91	99.4	21264
139.05	99.5	21265
140.91	99.5	21266
141.39	99.5	21267
142.48	99.5	21268
143.38	99.5	21269
151.51	99.5	21270
152.25	99.5	21271
153.03	99.5	21272
153.69	99.5	21273
156.03	99.5	21274
161.33	99.5	21275
167.07	99.5	21276
178.46	99.5	21277
182.4	99.5	21278
186.76	99.5	21279
189.23	99.5	21280
193.22	99.5	21281
193.25	99.5	21282
198.2	99.5	21283
199.69	99.5	21284
200.2	99.5	21285
200.98	99.6	21286
203.11	99.6	21287
206.19	99.6	21288
212.13	99.6	21289
212.17	99.6	21290
215.68	99.6	21291
218.41	99.6	21292
222.78	99.6	21293
228.99	99.6	21294
233.49	99.6	21295
240.06	99.6	21296
240.25	99.6	21297
245.89	99.6	21298
247.64	99.6	21299
247.79	99.6	21300
255.56	99.6	21301
260.92	99.6	21302
260.97	99.6	21303
276.1	99.6	21304
281.4	99.6	21305
307.92	99.6	21306
308.43	99.6	21307
312.07	99.7	21308
326.6	99.7	21309
330.95	99.7	21310
335.18	99.7	21311
344.17	99.7	21312
349.52	99.7	21313
355.26	99.7	21314
361.29	99.7	21315
369.3	99.7	21316
372.83	99.7	21317
388.24	99.7	21318
432.46	99.7	21319
445.48	99.7	21320
449.17	99.7	21321
458.97	99.7	21322
471.45	99.7	21323
510.17	99.7	21324
512.62	99.7	21325
520.11	99.7	21326
565.34	99.7	21327
632.98	99.7	21328
635.59	99.8	21329
705.0	99.8	21330
754.51	99.8	21331
919.76	99.8	21332
935.56	99.8	21333
1234.73	99.8	21334
1240.05	99.8	21335
1241.91	99.8	21336
1341.7	99.8	21337
1395.73	99.8	21338
1491.55	99.8	21339
1610.09	99.8	21340
1612.06	99.8	21341
1670.4	99.8	21342
1681.17	99.8	21343
1858.74	99.8	21344
1902.19	99.8	21345
1936.72	99.8	21346
2030.18	99.8	21347
2086.32	99.8	21348
2096.5	99.8	21349
2150.51	99.9	21350
2281.44	99.9	21351
2343.53	99.9	21352
2379.88	99.9	21353
2540.75	99.9	21354
2623.08	99.9	21355
2863.84	99.9	21356
3778.92	99.9	21357
4049.35	99.9	21358
4738.66	99.9	21359
4812.58	99.9	21360
5214.16	99.9	21361
5288.47	99.9	21362
5658.51	99.9	21363
6064.16	99.9	21364
6158.21	99.9	21365
6415.16	99.9	21366
6782.47	99.9	21367
7047.92	99.9	21368
7436.22	99.9	21369
9522.24	99.9	21370
9788.82	99.9	21371
9968.32	100.0	21372
10906.48	100.0	21373
12442.32	100.0	21374
15172.37	100.0	21375
16095.58	100.0	21376
16101.73	100.0	21377
18238.35	100.0	21378
20102.14	100.0	21379
28863.36	100.0	21380
32846.1	100.0	21381
52959.48	100.0	21382
