+RPKM	percent	accumulative_value
0	0.0	0
0.27	0.0	1
0.28	0.0	2
0.31	0.0	3
0.4	0.0	4
0.47	0.0	5
0.49	0.1	6
0.52	0.1	9
0.53	0.1	10
0.54	0.1	12
0.55	0.1	13
0.57	0.1	15
0.58	0.2	17
0.6	0.2	19
0.61	0.2	20
0.62	0.2	22
0.63	0.2	24
0.64	0.2	26
0.66	0.3	33
0.7	0.3	35
0.71	0.3	36
0.72	0.4	39
0.73	0.4	42
0.74	0.4	45
0.75	0.4	47
0.76	0.5	51
0.77	0.5	54
0.8	0.6	58
0.81	0.6	62
0.82	0.6	66
0.83	0.7	70
0.84	0.7	74
0.85	0.8	80
0.86	0.8	84
0.87	0.9	90
0.88	0.9	93
0.89	0.9	98
0.9	1.0	106
0.91	1.0	109
0.92	1.1	114
0.93	1.1	115
0.94	1.2	122
0.95	1.2	124
0.96	1.2	128
0.97	1.3	133
0.98	1.3	139
0.99	1.4	145
1.0	1.4	148
1.01	1.5	154
1.02	1.5	161
1.03	1.6	163
1.04	1.6	168
1.05	1.7	179
1.06	1.8	185
1.07	1.8	192
1.08	1.9	199
1.09	1.9	202
1.1	2.0	205
1.11	2.0	212
1.12	2.1	216
1.13	2.1	223
1.14	2.2	229
1.15	2.3	237
1.16	2.3	246
1.17	2.4	254
1.18	2.5	258
1.19	2.6	270
1.2	2.7	279
1.21	2.7	286
1.22	2.7	288
1.23	2.9	300
1.24	2.9	306
1.25	3.0	313
1.26	3.1	321
1.27	3.1	326
1.28	3.2	336
1.29	3.3	344
1.3	3.3	350
1.31	3.4	361
1.32	3.5	371
1.33	3.6	381
1.34	3.7	392
1.35	3.8	399
1.36	3.9	405
1.37	3.9	411
1.38	4.0	423
1.39	4.1	435
1.4	4.2	441
1.41	4.3	449
1.42	4.4	458
1.43	4.5	469
1.44	4.6	479
1.45	4.7	491
1.46	4.8	500
1.47	4.9	511
1.48	4.9	519
1.49	5.0	530
1.5	5.1	537
1.51	5.2	541
1.52	5.3	555
1.53	5.4	568
1.54	5.5	576
1.55	5.6	588
1.56	5.7	598
1.57	5.8	609
1.58	5.9	615
1.59	5.9	624
1.6	6.0	630
1.61	6.1	637
1.62	6.2	646
1.63	6.2	655
1.64	6.4	668
1.65	6.4	674
1.66	6.5	681
1.67	6.6	693
1.68	6.7	699
1.69	6.7	707
1.7	6.9	721
1.71	7.0	730
1.72	7.0	738
1.73	7.1	745
1.74	7.2	752
1.75	7.3	768
1.76	7.4	779
1.77	7.5	786
1.78	7.6	800
1.79	7.7	812
1.8	7.8	817
1.81	7.8	822
1.82	7.9	831
1.83	8.1	848
1.84	8.1	853
1.85	8.3	867
1.86	8.3	876
1.87	8.5	888
1.88	8.5	897
1.89	8.6	905
1.9	8.7	914
1.91	8.8	922
1.92	8.9	936
1.93	9.0	942
1.94	9.1	952
1.95	9.2	964
1.96	9.3	972
1.97	9.3	979
1.98	9.4	989
1.99	9.5	997
2.0	9.6	1007
2.01	9.7	1022
2.02	9.9	1036
2.03	9.9	1043
2.04	10.0	1052
2.05	10.1	1063
2.06	10.2	1073
2.07	10.4	1089
2.08	10.5	1099
2.09	10.6	1108
2.1	10.6	1112
2.11	10.7	1121
2.12	10.8	1131
2.13	10.9	1142
2.14	11.0	1151
2.15	11.1	1170
2.16	11.2	1174
2.17	11.3	1186
2.18	11.4	1198
2.19	11.5	1209
2.2	11.6	1221
2.21	11.7	1231
2.22	11.8	1242
2.23	11.9	1250
2.24	12.0	1261
2.25	12.1	1269
2.26	12.2	1280
2.27	12.3	1291
2.28	12.4	1306
2.29	12.5	1317
2.3	12.6	1326
2.31	12.7	1338
2.32	12.8	1346
2.33	12.9	1351
2.34	13.0	1361
2.35	13.1	1373
2.36	13.2	1385
2.37	13.2	1391
2.38	13.3	1400
2.39	13.4	1410
2.4	13.5	1422
2.41	13.6	1433
2.42	13.8	1446
2.43	13.9	1456
2.44	13.9	1463
2.45	14.0	1467
2.46	14.0	1471
2.47	14.2	1490
2.48	14.2	1496
2.49	14.4	1512
2.5	14.5	1521
2.51	14.6	1530
2.52	14.7	1540
2.53	14.8	1554
2.54	14.9	1569
2.55	15.1	1581
2.56	15.2	1593
2.57	15.3	1608
2.58	15.4	1621
2.59	15.6	1634
2.6	15.7	1648
2.61	15.8	1660
2.62	15.9	1670
2.63	16.0	1680
2.64	16.1	1690
2.65	16.2	1704
2.66	16.3	1714
2.67	16.5	1732
2.68	16.6	1747
2.69	16.7	1754
2.7	16.8	1767
2.71	16.9	1777
2.72	17.1	1794
2.73	17.2	1804
2.74	17.2	1811
2.75	17.4	1827
2.76	17.5	1841
2.77	17.7	1854
2.78	17.7	1862
2.79	17.8	1869
2.8	17.9	1881
2.81	18.0	1890
2.82	18.1	1897
2.83	18.2	1911
2.84	18.3	1922
2.85	18.4	1934
2.86	18.5	1946
2.87	18.6	1956
2.88	18.7	1962
2.89	18.8	1976
2.9	19.0	1993
2.91	19.1	2002
2.92	19.2	2012
2.93	19.2	2019
2.94	19.4	2033
2.95	19.4	2039
2.96	19.5	2044
2.97	19.6	2055
2.98	19.7	2065
2.99	19.8	2078
3.0	19.9	2088
3.01	20.0	2099
3.02	20.1	2111
3.03	20.2	2124
3.04	20.4	2137
3.05	20.4	2145
3.06	20.6	2159
3.07	20.7	2173
3.08	20.8	2180
3.09	20.9	2193
3.1	21.0	2207
3.11	21.1	2219
3.12	21.2	2231
3.13	21.4	2244
3.14	21.4	2252
3.15	21.5	2259
3.16	21.6	2268
3.17	21.7	2279
3.18	21.8	2289
3.19	21.9	2295
3.2	21.9	2303
3.21	22.0	2310
3.22	22.1	2320
3.23	22.2	2332
3.24	22.4	2347
3.25	22.4	2355
3.26	22.6	2372
3.27	22.7	2379
3.28	22.7	2383
3.29	22.8	2399
3.3	22.9	2408
3.31	23.0	2419
3.32	23.1	2427
3.33	23.2	2437
3.34	23.3	2450
3.35	23.4	2454
3.36	23.5	2463
3.37	23.6	2474
3.38	23.6	2482
3.39	23.8	2495
3.4	23.8	2504
3.41	24.0	2520
3.42	24.1	2532
3.43	24.2	2542
3.44	24.3	2556
3.45	24.5	2569
3.46	24.5	2574
3.47	24.6	2583
3.48	24.7	2598
3.49	24.9	2611
3.5	24.9	2618
3.51	25.0	2628
3.52	25.1	2640
3.53	25.3	2652
3.54	25.3	2659
3.55	25.4	2668
3.56	25.5	2678
3.57	25.6	2688
3.58	25.7	2702
3.59	25.8	2714
3.6	25.9	2724
3.61	26.0	2730
3.62	26.1	2744
3.63	26.3	2757
3.64	26.3	2766
3.65	26.4	2775
3.66	26.5	2782
3.67	26.6	2797
3.68	26.7	2808
3.69	26.9	2821
3.7	27.0	2840
3.71	27.2	2853
3.72	27.2	2858
3.73	27.3	2868
3.74	27.4	2880
3.75	27.5	2893
3.76	27.7	2905
3.77	27.8	2915
3.78	27.9	2926
3.79	27.9	2934
3.8	28.0	2944
3.81	28.2	2957
3.82	28.2	2964
3.83	28.3	2971
3.84	28.4	2983
3.85	28.5	2992
3.86	28.6	3001
3.87	28.7	3013
3.88	28.8	3025
3.89	28.9	3033
3.9	29.0	3044
3.91	29.1	3055
3.92	29.2	3064
3.93	29.3	3076
3.94	29.4	3087
3.95	29.5	3093
3.96	29.6	3104
3.97	29.6	3111
3.98	29.7	3120
3.99	29.8	3127
4.0	29.9	3136
4.01	29.9	3141
4.02	30.0	3149
4.03	30.1	3159
4.04	30.2	3168
4.05	30.2	3174
4.06	30.3	3182
4.07	30.4	3193
4.08	30.5	3203
4.09	30.6	3216
4.1	30.7	3221
4.11	30.7	3225
4.12	30.8	3236
4.13	30.9	3244
4.14	31.0	3253
4.15	31.1	3261
4.16	31.1	3270
4.17	31.3	3282
4.18	31.3	3289
4.19	31.4	3294
4.2	31.5	3304
4.21	31.5	3312
4.22	31.6	3319
4.23	31.7	3328
4.24	31.8	3339
4.25	31.9	3346
4.26	31.9	3353
4.27	32.0	3358
4.28	32.0	3364
4.29	32.1	3373
4.3	32.2	3378
4.31	32.2	3385
4.32	32.3	3394
4.33	32.4	3404
4.34	32.5	3415
4.35	32.6	3428
4.36	32.7	3433
4.37	32.8	3443
4.38	32.9	3450
4.39	32.9	3457
4.4	33.0	3469
4.41	33.2	3482
4.42	33.3	3492
4.43	33.4	3509
4.44	33.5	3519
4.45	33.6	3527
4.46	33.7	3534
4.47	33.7	3544
4.48	33.8	3550
4.49	33.9	3558
4.5	34.0	3571
4.51	34.1	3580
4.52	34.2	3588
4.53	34.2	3594
4.54	34.4	3608
4.55	34.4	3614
4.56	34.5	3628
4.57	34.7	3641
4.58	34.8	3651
4.59	34.8	3657
4.6	34.9	3668
4.61	35.1	3687
4.62	35.1	3691
4.63	35.3	3703
4.64	35.4	3715
4.65	35.5	3728
4.66	35.6	3738
4.67	35.7	3746
4.68	35.8	3759
4.69	35.9	3772
4.7	36.0	3781
4.71	36.1	3791
4.72	36.1	3795
4.73	36.3	3809
4.74	36.3	3814
4.75	36.4	3819
4.76	36.4	3825
4.77	36.5	3831
4.78	36.6	3839
4.79	36.6	3844
4.8	36.7	3853
4.81	36.8	3860
4.82	36.8	3867
4.83	36.9	3872
4.84	36.9	3880
4.85	37.1	3892
4.86	37.1	3899
4.87	37.2	3908
4.88	37.3	3914
4.89	37.4	3924
4.9	37.5	3936
4.91	37.5	3942
4.92	37.6	3952
4.93	37.7	3962
4.94	37.8	3968
4.95	37.9	3976
4.96	37.9	3982
4.97	38.0	3990
4.98	38.1	3998
4.99	38.2	4010
5.0	38.3	4017
5.01	38.3	4026
5.02	38.4	4028
5.03	38.4	4036
5.04	38.5	4042
5.05	38.6	4053
5.06	38.7	4063
5.07	38.8	4070
5.08	38.8	4076
5.09	38.9	4083
5.1	38.9	4090
5.11	39.0	4099
5.12	39.1	4104
5.13	39.2	4118
5.14	39.3	4132
5.15	39.4	4135
5.16	39.4	4142
5.17	39.5	4153
5.18	39.6	4163
5.19	39.7	4174
5.2	39.8	4184
5.21	39.9	4193
5.22	40.0	4204
5.23	40.1	4212
5.24	40.2	4219
5.25	40.3	4229
5.26	40.3	4233
5.27	40.4	4240
5.28	40.4	4243
5.29	40.5	4249
5.3	40.5	4256
5.31	40.6	4263
5.32	40.7	4271
5.33	40.7	4275
5.34	40.7	4278
5.35	40.8	4288
5.36	40.9	4294
5.37	41.0	4306
5.38	41.0	4310
5.39	41.1	4315
5.4	41.2	4326
5.41	41.3	4335
5.42	41.4	4345
5.43	41.4	4351
5.44	41.5	4361
5.45	41.6	4367
5.46	41.6	4370
5.47	41.7	4380
5.48	41.8	4387
5.49	41.9	4398
5.5	41.9	4403
5.51	42.0	4406
5.52	42.1	4418
5.53	42.1	4424
5.54	42.2	4429
5.55	42.3	4437
5.56	42.3	4447
5.57	42.4	4451
5.58	42.4	4454
5.59	42.5	4463
5.6	42.5	4467
5.61	42.6	4471
5.62	42.6	4476
5.63	42.7	4480
5.64	42.7	4488
5.65	42.8	4496
5.66	42.8	4498
5.67	42.9	4508
5.68	43.0	4514
5.69	43.1	4524
5.7	43.2	4536
5.71	43.2	4539
5.72	43.3	4545
5.73	43.3	4548
5.74	43.4	4555
5.75	43.4	4562
5.76	43.5	4567
5.77	43.6	4576
5.78	43.6	4581
5.79	43.7	4588
5.8	43.7	4594
5.81	43.8	4596
5.82	43.8	4599
5.83	43.9	4607
5.84	43.9	4611
5.85	43.9	4612
5.86	44.0	4619
5.87	44.1	4634
5.88	44.2	4641
5.89	44.3	4653
5.9	44.4	4661
5.91	44.5	4668
5.92	44.5	4670
5.93	44.5	4678
5.94	44.6	4686
5.95	44.7	4693
5.96	44.7	4698
5.97	44.8	4706
5.98	44.9	4712
5.99	45.0	4723
6.0	45.0	4730
6.01	45.2	4742
6.02	45.2	4748
6.03	45.3	4753
6.04	45.3	4761
6.05	45.4	4765
6.06	45.5	4773
6.07	45.5	4779
6.08	45.6	4790
6.09	45.7	4799
6.1	45.8	4810
6.11	45.9	4819
6.12	45.9	4820
6.13	46.0	4826
6.14	46.0	4831
6.15	46.1	4839
6.16	46.1	4844
6.17	46.1	4846
6.18	46.2	4852
6.19	46.3	4857
6.2	46.3	4862
6.21	46.4	4868
6.22	46.5	4880
6.23	46.5	4882
6.24	46.5	4884
6.25	46.6	4889
6.26	46.6	4894
6.27	46.7	4902
6.28	46.8	4912
6.29	46.8	4915
6.3	46.9	4921
6.31	46.9	4923
6.32	46.9	4930
6.33	47.0	4940
6.34	47.1	4945
6.35	47.2	4953
6.36	47.2	4961
6.37	47.3	4967
6.38	47.4	4973
6.39	47.4	4981
6.4	47.5	4987
6.41	47.5	4988
6.42	47.5	4993
6.43	47.6	5001
6.44	47.7	5007
6.45	47.7	5010
6.46	47.7	5013
6.47	47.8	5019
6.48	47.9	5027
6.49	47.9	5033
6.5	48.0	5040
6.51	48.1	5048
6.52	48.2	5064
6.53	48.3	5073
6.54	48.4	5082
6.55	48.4	5087
6.56	48.5	5091
6.57	48.6	5099
6.58	48.6	5105
6.59	48.7	5111
6.6	48.7	5116
6.61	48.7	5118
6.62	48.8	5125
6.63	48.9	5133
6.64	48.9	5136
6.65	49.0	5143
6.66	49.1	5153
6.67	49.2	5162
6.68	49.2	5170
6.69	49.3	5175
6.7	49.3	5182
6.71	49.4	5187
6.72	49.4	5192
6.73	49.5	5199
6.74	49.6	5206
6.75	49.6	5210
6.76	49.7	5217
6.77	49.7	5221
6.78	49.8	5228
6.79	49.8	5233
6.8	49.9	5239
6.81	49.9	5245
6.82	50.0	5250
6.83	50.1	5258
6.84	50.1	5265
6.85	50.2	5274
6.86	50.3	5282
6.87	50.3	5285
6.88	50.4	5291
6.89	50.4	5295
6.9	50.5	5303
6.91	50.6	5309
6.92	50.6	5310
6.93	50.6	5316
6.94	50.7	5320
6.95	50.7	5328
6.96	50.8	5334
6.97	50.9	5343
6.98	50.9	5349
6.99	51.0	5353
7.0	51.0	5358
7.01	51.1	5365
7.02	51.1	5368
7.03	51.1	5370
7.04	51.2	5378
7.05	51.2	5380
7.06	51.3	5383
7.07	51.3	5386
7.08	51.3	5391
7.09	51.4	5397
7.1	51.4	5401
7.11	51.5	5413
7.12	51.6	5416
7.13	51.7	5425
7.14	51.7	5428
7.15	51.8	5436
7.16	51.8	5440
7.17	51.9	5445
7.18	51.9	5448
7.19	52.0	5457
7.2	52.0	5463
7.21	52.1	5470
7.22	52.1	5475
7.23	52.2	5478
7.24	52.2	5485
7.25	52.3	5492
7.26	52.3	5496
7.27	52.4	5501
7.28	52.4	5505
7.29	52.5	5509
7.3	52.5	5514
7.31	52.5	5518
7.32	52.6	5522
7.33	52.6	5528
7.34	52.7	5534
7.35	52.7	5539
7.36	52.8	5545
7.37	52.9	5550
7.38	52.9	5555
7.39	52.9	5560
7.4	53.0	5562
7.41	53.0	5568
7.42	53.1	5574
7.43	53.2	5582
7.44	53.2	5590
7.45	53.3	5600
7.46	53.4	5604
7.47	53.4	5608
7.48	53.4	5611
7.49	53.5	5621
7.5	53.6	5627
7.51	53.6	5633
7.52	53.7	5639
7.53	53.7	5642
7.54	53.8	5652
7.55	53.9	5662
7.56	54.0	5670
7.57	54.0	5673
7.58	54.1	5677
7.59	54.1	5683
7.6	54.2	5691
7.61	54.2	5695
7.62	54.3	5699
7.63	54.3	5706
7.64	54.3	5707
7.65	54.4	5713
7.66	54.5	5721
7.67	54.6	5730
7.68	54.6	5734
7.69	54.7	5740
7.7	54.7	5742
7.71	54.8	5752
7.72	54.8	5756
7.73	54.8	5759
7.74	54.9	5763
7.75	55.0	5771
7.76	55.0	5774
7.77	55.1	5781
7.78	55.1	5790
7.79	55.2	5793
7.8	55.2	5798
7.81	55.2	5800
7.82	55.3	5804
7.83	55.4	5813
7.84	55.4	5818
7.85	55.5	5824
7.86	55.6	5839
7.87	55.7	5849
7.88	55.7	5854
7.89	55.8	5856
7.9	55.8	5863
7.91	55.9	5867
7.92	55.9	5871
7.93	56.0	5877
7.94	56.0	5883
7.95	56.1	5888
7.96	56.1	5895
7.97	56.2	5902
7.98	56.2	5903
7.99	56.3	5913
8.0	56.3	5915
8.01	56.4	5918
8.02	56.4	5922
8.04	56.5	5930
8.05	56.5	5932
8.06	56.6	5940
8.07	56.6	5944
8.08	56.7	5950
8.09	56.7	5952
8.1	56.7	5954
8.11	56.8	5960
8.12	56.8	5962
8.13	56.8	5968
8.14	56.9	5975
8.15	57.0	5982
8.16	57.0	5987
8.17	57.1	5994
8.18	57.1	5996
8.19	57.1	5998
8.2	57.2	6006
8.21	57.2	6009
8.22	57.3	6016
8.23	57.3	6021
8.24	57.4	6031
8.25	57.5	6033
8.26	57.5	6036
8.27	57.5	6041
8.28	57.6	6045
8.29	57.6	6053
8.3	57.7	6057
8.31	57.7	6062
8.32	57.8	6071
8.33	57.9	6075
8.34	57.9	6082
8.35	58.0	6088
8.36	58.0	6093
8.37	58.1	6099
8.38	58.1	6104
8.39	58.2	6110
8.4	58.2	6112
8.41	58.3	6117
8.42	58.3	6121
8.43	58.3	6125
8.44	58.4	6129
8.45	58.4	6134
8.46	58.4	6136
8.47	58.5	6142
8.48	58.5	6147
8.49	58.6	6153
8.5	58.6	6157
8.51	58.7	6160
8.52	58.7	6166
8.53	58.7	6169
8.54	58.8	6176
8.55	58.8	6179
8.56	58.9	6180
8.57	58.9	6185
8.58	59.0	6191
8.59	59.0	6194
8.6	59.0	6196
8.61	59.0	6199
8.62	59.1	6202
8.63	59.1	6210
8.64	59.2	6217
8.65	59.3	6223
8.66	59.3	6228
8.67	59.4	6236
8.68	59.4	6241
8.69	59.5	6245
8.7	59.5	6249
8.71	59.5	6253
8.72	59.6	6254
8.73	59.6	6256
8.75	59.6	6259
8.76	59.6	6262
8.77	59.7	6269
8.78	59.7	6272
8.79	59.8	6275
8.8	59.8	6282
8.81	59.8	6284
8.82	59.9	6291
8.83	60.0	6296
8.84	60.0	6301
8.85	60.0	6304
8.86	60.1	6310
8.87	60.1	6311
8.88	60.1	6316
8.89	60.2	6321
8.9	60.2	6326
8.91	60.3	6329
8.92	60.3	6331
8.93	60.3	6333
8.94	60.3	6336
8.95	60.4	6344
8.96	60.5	6350
8.97	60.5	6352
8.98	60.5	6356
8.99	60.6	6359
9.0	60.6	6364
9.01	60.6	6366
9.02	60.7	6372
9.03	60.7	6375
9.04	60.8	6380
9.05	60.8	6383
9.06	60.8	6384
9.07	60.8	6389
9.08	60.9	6391
9.09	60.9	6397
9.1	61.0	6403
9.11	61.0	6406
9.12	61.0	6408
9.13	61.1	6415
9.14	61.1	6418
9.15	61.2	6424
9.16	61.2	6427
9.17	61.2	6430
9.18	61.3	6435
9.19	61.3	6440
9.2	61.4	6445
9.21	61.4	6451
9.22	61.5	6453
9.23	61.5	6455
9.24	61.5	6456
9.25	61.6	6465
9.26	61.6	6467
9.28	61.6	6469
9.29	61.7	6477
9.3	61.7	6481
9.31	61.7	6483
9.32	61.8	6486
9.33	61.9	6495
9.34	61.9	6498
9.35	61.9	6501
9.36	61.9	6505
9.37	62.0	6508
9.38	62.0	6511
9.39	62.0	6514
9.4	62.1	6518
9.41	62.1	6522
9.42	62.1	6526
9.43	62.2	6531
9.44	62.3	6537
9.45	62.3	6544
9.46	62.4	6550
9.47	62.5	6558
9.48	62.5	6560
9.49	62.5	6561
9.5	62.5	6565
9.51	62.6	6569
9.52	62.6	6570
9.53	62.6	6578
9.54	62.7	6582
9.55	62.7	6583
9.56	62.7	6586
9.57	62.7	6589
9.58	62.8	6591
9.59	62.8	6599
9.6	62.9	6603
9.61	62.9	6604
9.62	62.9	6608
9.63	63.0	6615
9.64	63.1	6621
9.65	63.1	6625
9.66	63.1	6627
9.67	63.1	6629
9.68	63.2	6636
9.69	63.2	6637
9.7	63.2	6639
9.71	63.3	6642
9.72	63.3	6649
9.73	63.3	6651
9.74	63.4	6656
9.75	63.5	6663
9.76	63.5	6666
9.77	63.5	6670
9.78	63.6	6674
9.79	63.6	6678
9.81	63.6	6683
9.82	63.7	6687
9.83	63.7	6693
9.84	63.8	6702
9.86	63.9	6707
9.87	63.9	6709
9.88	63.9	6712
9.89	63.9	6713
9.9	64.0	6720
9.91	64.0	6725
9.92	64.1	6727
9.93	64.1	6731
9.94	64.1	6732
9.96	64.1	6733
9.97	64.1	6736
9.98	64.2	6739
9.99	64.2	6744
10.0	64.2	6746
10.01	64.3	6751
10.02	64.3	6754
10.03	64.3	6756
10.04	64.4	6760
10.05	64.4	6762
10.06	64.4	6765
10.07	64.4	6767
10.08	64.5	6770
10.09	64.5	6776
10.1	64.6	6779
10.11	64.6	6780
10.12	64.6	6785
10.13	64.6	6786
10.14	64.6	6788
10.15	64.7	6790
10.16	64.7	6794
10.17	64.7	6798
10.18	64.7	6799
10.19	64.8	6805
10.2	64.8	6808
10.21	64.9	6810
10.22	64.9	6813
10.23	64.9	6816
10.24	64.9	6817
10.25	64.9	6819
10.26	65.0	6822
10.27	65.0	6826
10.28	65.1	6831
10.29	65.1	6833
10.3	65.1	6836
10.31	65.1	6838
10.32	65.1	6841
10.33	65.2	6846
10.34	65.2	6848
10.35	65.3	6855
10.36	65.3	6857
10.37	65.3	6861
10.38	65.3	6862
10.39	65.4	6865
10.4	65.4	6867
10.41	65.4	6869
10.42	65.5	6873
10.43	65.5	6875
10.44	65.5	6877
10.45	65.5	6881
10.46	65.6	6884
10.47	65.6	6887
10.48	65.6	6889
10.49	65.6	6893
10.5	65.7	6895
10.51	65.7	6901
10.52	65.7	6904
10.53	65.8	6906
10.54	65.8	6910
10.55	65.9	6916
10.56	65.9	6922
10.57	65.9	6925
10.58	66.0	6929
10.59	66.0	6931
10.6	66.0	6934
10.61	66.1	6936
10.62	66.1	6941
10.63	66.1	6946
10.64	66.2	6953
10.65	66.2	6954
10.66	66.3	6958
10.67	66.3	6961
10.68	66.3	6962
10.7	66.3	6963
10.71	66.3	6964
10.72	66.4	6970
10.73	66.4	6971
10.74	66.4	6973
10.75	66.4	6975
10.76	66.5	6979
10.77	66.5	6982
10.78	66.5	6983
10.79	66.5	6985
10.8	66.6	6989
10.81	66.6	6994
10.82	66.6	6998
10.83	66.7	7001
10.84	66.7	7003
10.87	66.7	7007
10.88	66.8	7010
10.89	66.8	7013
10.9	66.8	7017
10.91	66.9	7020
10.92	66.9	7023
10.93	66.9	7028
10.95	67.0	7032
10.96	67.0	7034
10.97	67.1	7041
10.98	67.1	7043
11.0	67.1	7046
11.01	67.1	7048
11.02	67.1	7049
11.03	67.2	7054
11.04	67.2	7060
11.05	67.3	7063
11.06	67.3	7068
11.08	67.3	7071
11.09	67.4	7075
11.1	67.4	7078
11.11	67.5	7083
11.12	67.5	7087
11.13	67.5	7088
11.14	67.5	7089
11.15	67.5	7092
11.16	67.6	7094
11.17	67.6	7097
11.18	67.6	7100
11.19	67.6	7103
11.2	67.7	7104
11.21	67.7	7107
11.22	67.7	7111
11.23	67.7	7112
11.24	67.7	7113
11.25	67.8	7115
11.26	67.8	7120
11.27	67.8	7124
11.28	67.9	7126
11.29	67.9	7131
11.3	67.9	7132
11.31	68.0	7136
11.32	68.0	7138
11.33	68.0	7141
11.34	68.0	7144
11.35	68.1	7147
11.36	68.1	7149
11.37	68.1	7152
11.38	68.1	7156
11.39	68.2	7158
11.4	68.2	7164
11.41	68.2	7166
11.43	68.3	7168
11.44	68.3	7171
11.45	68.3	7175
11.46	68.3	7177
11.47	68.4	7182
11.48	68.5	7188
11.49	68.5	7189
11.5	68.5	7194
11.51	68.5	7197
11.52	68.6	7200
11.53	68.6	7202
11.54	68.7	7209
11.55	68.7	7210
11.57	68.7	7213
11.58	68.7	7215
11.59	68.7	7218
11.61	68.8	7224
11.62	68.8	7226
11.63	68.8	7227
11.64	68.8	7229
11.65	68.9	7231
11.67	68.9	7236
11.68	68.9	7238
11.69	69.0	7243
11.7	69.0	7250
11.71	69.1	7253
11.72	69.1	7256
11.73	69.1	7258
11.74	69.1	7260
11.75	69.2	7265
11.76	69.2	7268
11.77	69.2	7270
11.78	69.3	7276
11.79	69.3	7279
11.8	69.3	7280
11.81	69.3	7281
11.82	69.4	7284
11.83	69.4	7286
11.84	69.4	7288
11.85	69.4	7291
11.86	69.5	7295
11.87	69.5	7296
11.88	69.5	7299
11.89	69.5	7301
11.9	69.5	7303
11.91	69.6	7304
11.92	69.6	7307
11.93	69.6	7310
11.94	69.6	7313
11.95	69.7	7319
11.96	69.7	7321
11.97	69.7	7324
11.99	69.8	7329
12.0	69.8	7334
12.01	69.9	7337
12.02	69.9	7339
12.03	69.9	7342
12.04	69.9	7344
12.05	70.0	7349
12.06	70.0	7353
12.07	70.1	7357
12.08	70.1	7359
12.09	70.1	7360
12.1	70.1	7361
12.11	70.1	7363
12.12	70.1	7365
12.13	70.2	7370
12.14	70.2	7371
12.15	70.2	7372
12.16	70.2	7375
12.17	70.3	7378
12.18	70.3	7381
12.19	70.3	7383
12.21	70.3	7385
12.22	70.3	7387
12.23	70.4	7389
12.24	70.4	7392
12.25	70.4	7394
12.26	70.4	7396
12.27	70.4	7397
12.28	70.5	7400
12.29	70.5	7401
12.3	70.5	7402
12.34	70.5	7405
12.35	70.5	7406
12.36	70.6	7411
12.37	70.6	7414
12.38	70.6	7418
12.39	70.7	7421
12.4	70.7	7422
12.41	70.7	7423
12.42	70.7	7425
12.43	70.7	7428
12.44	70.8	7433
12.46	70.8	7435
12.47	70.8	7439
12.49	70.9	7444
12.5	70.9	7445
12.51	70.9	7446
12.52	70.9	7448
12.53	71.0	7451
12.54	71.0	7452
12.56	71.0	7455
12.57	71.0	7456
12.58	71.0	7459
12.59	71.1	7462
12.6	71.1	7465
12.61	71.1	7468
12.63	71.1	7470
12.64	71.2	7472
12.65	71.2	7474
12.66	71.2	7478
12.67	71.2	7481
12.68	71.3	7484
12.69	71.3	7485
12.7	71.3	7488
12.71	71.3	7492
12.73	71.4	7494
12.74	71.4	7495
12.75	71.4	7498
12.76	71.5	7503
12.77	71.5	7505
12.78	71.5	7506
12.79	71.5	7508
12.8	71.5	7509
12.81	71.5	7511
12.82	71.6	7516
12.83	71.6	7517
12.84	71.6	7521
12.85	71.6	7523
12.86	71.7	7525
12.87	71.7	7527
12.88	71.7	7531
12.9	71.7	7534
12.91	71.8	7536
12.92	71.8	7538
12.93	71.8	7539
12.94	71.8	7540
12.95	71.8	7542
12.96	71.8	7543
12.98	71.9	7549
12.99	71.9	7551
13.0	71.9	7552
13.01	71.9	7555
13.02	72.0	7556
13.03	72.0	7557
13.05	72.0	7562
13.06	72.0	7563
13.07	72.1	7566
13.08	72.1	7567
13.09	72.1	7568
13.1	72.1	7572
13.11	72.1	7573
13.12	72.1	7575
13.13	72.2	7581
13.14	72.2	7586
13.15	72.3	7587
13.16	72.3	7590
13.17	72.3	7594
13.18	72.3	7595
13.19	72.4	7598
13.2	72.4	7601
13.21	72.4	7604
13.23	72.4	7606
13.24	72.5	7609
13.26	72.5	7611
13.27	72.5	7612
13.28	72.5	7613
13.29	72.5	7614
13.3	72.5	7615
13.31	72.5	7618
13.32	72.6	7620
13.33	72.6	7622
13.35	72.6	7624
13.36	72.6	7627
13.37	72.7	7629
13.38	72.7	7632
13.4	72.7	7635
13.41	72.7	7637
13.42	72.8	7641
13.43	72.8	7643
13.44	72.8	7646
13.45	72.8	7648
13.46	72.9	7650
13.47	72.9	7654
13.48	72.9	7656
13.49	72.9	7658
13.5	73.0	7661
13.51	73.0	7664
13.52	73.0	7665
13.53	73.0	7670
13.54	73.1	7673
13.56	73.1	7678
13.57	73.1	7679
13.58	73.2	7682
13.59	73.2	7683
13.6	73.2	7686
13.61	73.2	7690
13.62	73.3	7693
13.63	73.3	7694
13.64	73.3	7699
13.65	73.3	7701
13.66	73.4	7703
13.68	73.4	7707
13.69	73.4	7709
13.7	73.4	7711
13.72	73.5	7713
13.73	73.5	7715
13.75	73.5	7718
13.76	73.5	7721
13.77	73.5	7723
13.78	73.6	7725
13.79	73.6	7727
13.8	73.6	7730
13.81	73.7	7734
13.82	73.7	7735
13.83	73.7	7736
13.84	73.7	7739
13.85	73.7	7741
13.86	73.8	7747
13.87	73.8	7752
13.88	73.8	7753
13.89	73.8	7754
13.9	73.9	7757
13.91	73.9	7758
13.92	73.9	7763
13.93	73.9	7764
13.94	73.9	7765
13.95	74.0	7769
13.96	74.0	7774
13.97	74.1	7776
13.98	74.1	7777
13.99	74.1	7779
14.0	74.1	7781
14.01	74.1	7782
14.03	74.1	7784
14.04	74.2	7787
14.05	74.2	7790
14.07	74.2	7791
14.08	74.2	7792
14.1	74.2	7795
14.11	74.2	7796
14.12	74.3	7797
14.13	74.3	7801
14.14	74.3	7802
14.16	74.3	7805
14.17	74.3	7806
14.18	74.4	7810
14.19	74.4	7813
14.21	74.4	7815
14.22	74.4	7816
14.23	74.4	7817
14.25	74.5	7820
14.26	74.5	7824
14.28	74.5	7825
14.29	74.5	7828
14.3	74.6	7830
14.31	74.6	7831
14.32	74.6	7832
14.33	74.6	7834
14.34	74.6	7835
14.36	74.6	7836
14.37	74.7	7839
14.38	74.7	7841
14.4	74.7	7843
14.41	74.7	7845
14.43	74.7	7849
14.44	74.8	7850
14.45	74.8	7852
14.46	74.8	7854
14.47	74.8	7857
14.48	74.8	7858
14.49	74.8	7859
14.5	74.9	7861
14.51	74.9	7864
14.52	74.9	7867
14.53	74.9	7870
14.54	75.0	7874
14.55	75.0	7877
14.57	75.0	7879
14.59	75.0	7880
14.6	75.1	7882
14.61	75.1	7884
14.63	75.1	7886
14.64	75.1	7888
14.65	75.2	7895
14.66	75.2	7898
14.67	75.2	7900
14.68	75.3	7903
14.69	75.3	7905
14.7	75.3	7907
14.71	75.3	7908
14.73	75.3	7909
14.74	75.4	7913
14.77	75.4	7915
14.78	75.4	7916
14.79	75.4	7918
14.8	75.4	7921
14.81	75.5	7928
14.82	75.5	7929
14.83	75.5	7931
14.84	75.5	7932
14.85	75.6	7934
14.87	75.6	7936
14.88	75.6	7938
14.89	75.6	7942
14.9	75.6	7943
14.91	75.7	7945
14.92	75.7	7946
14.94	75.7	7947
14.95	75.7	7949
14.96	75.7	7951
14.98	75.7	7953
14.99	75.8	7958
15.0	75.8	7959
15.01	75.8	7960
15.02	75.8	7961
15.03	75.8	7965
15.04	75.9	7967
15.05	75.9	7970
15.06	75.9	7972
15.07	76.0	7976
15.08	76.0	7979
15.09	76.0	7982
15.1	76.0	7985
15.11	76.1	7987
15.12	76.1	7988
15.13	76.1	7991
15.15	76.1	7992
15.16	76.1	7993
15.17	76.1	7994
15.18	76.1	7996
15.2	76.2	8000
15.22	76.2	8001
15.23	76.2	8005
15.24	76.3	8008
15.25	76.3	8010
15.26	76.3	8013
15.27	76.3	8015
15.28	76.3	8016
15.29	76.4	8019
15.3	76.4	8020
15.31	76.4	8021
15.32	76.4	8022
15.33	76.4	8024
15.36	76.4	8026
15.37	76.4	8028
15.38	76.5	8029
15.39	76.5	8030
15.4	76.5	8035
15.41	76.6	8039
15.42	76.6	8043
15.43	76.6	8047
15.44	76.6	8048
15.45	76.6	8049
15.46	76.7	8051
15.47	76.7	8053
15.48	76.7	8054
15.49	76.7	8056
15.51	76.7	8057
15.52	76.7	8058
15.53	76.8	8060
15.55	76.8	8061
15.56	76.8	8063
15.57	76.8	8064
15.59	76.8	8069
15.6	76.8	8070
15.61	76.9	8071
15.62	76.9	8074
15.63	76.9	8077
15.64	76.9	8079
15.65	77.0	8081
15.66	77.0	8082
15.68	77.0	8083
15.69	77.0	8085
15.71	77.0	8086
15.72	77.0	8089
15.73	77.0	8091
15.74	77.1	8096
15.75	77.1	8097
15.76	77.1	8100
15.77	77.1	8101
15.8	77.2	8102
15.81	77.2	8103
15.82	77.2	8105
15.83	77.2	8107
15.86	77.3	8114
15.88	77.3	8117
15.9	77.3	8119
15.91	77.3	8122
15.93	77.4	8125
15.94	77.4	8126
15.95	77.4	8127
15.97	77.4	8129
15.98	77.4	8131
15.99	77.5	8136
16.0	77.5	8139
16.01	77.5	8140
16.02	77.5	8142
16.05	77.6	8144
16.06	77.6	8146
16.07	77.6	8149
16.08	77.6	8153
16.1	77.7	8155
16.12	77.7	8156
16.14	77.7	8157
16.15	77.7	8161
16.18	77.7	8162
16.2	77.7	8164
16.21	77.8	8165
16.22	77.8	8167
16.23	77.8	8168
16.25	77.8	8169
16.26	77.8	8173
16.27	77.8	8175
16.29	77.9	8176
16.3	77.9	8179
16.31	77.9	8180
16.32	77.9	8183
16.33	77.9	8184
16.36	77.9	8185
16.37	78.0	8189
16.38	78.0	8190
16.4	78.0	8191
16.41	78.0	8193
16.42	78.1	8198
16.43	78.1	8199
16.44	78.2	8207
16.45	78.2	8210
16.46	78.2	8211
16.48	78.2	8213
16.49	78.2	8214
16.5	78.2	8215
16.51	78.2	8216
16.52	78.2	8217
16.53	78.3	8219
16.54	78.3	8221
16.56	78.3	8222
16.57	78.3	8225
16.58	78.3	8226
16.59	78.4	8228
16.61	78.4	8231
16.62	78.4	8233
16.63	78.4	8236
16.64	78.4	8237
16.65	78.5	8239
16.66	78.5	8242
16.68	78.5	8245
16.69	78.5	8246
16.71	78.5	8248
16.72	78.6	8250
16.73	78.6	8253
16.74	78.6	8255
16.76	78.6	8257
16.77	78.6	8259
16.79	78.7	8260
16.8	78.7	8262
16.82	78.7	8264
16.83	78.7	8266
16.84	78.7	8268
16.85	78.8	8273
16.86	78.8	8274
16.87	78.8	8275
16.88	78.9	8281
16.9	78.9	8282
16.91	78.9	8284
16.93	78.9	8285
16.94	78.9	8287
16.95	78.9	8288
16.96	78.9	8290
16.97	79.0	8291
16.99	79.0	8293
17.0	79.0	8296
17.01	79.0	8298
17.02	79.0	8300
17.03	79.1	8302
17.04	79.1	8303
17.06	79.1	8305
17.09	79.1	8307
17.11	79.1	8309
17.12	79.1	8311
17.14	79.2	8312
17.17	79.2	8315
17.18	79.2	8316
17.19	79.2	8318
17.22	79.2	8319
17.23	79.2	8321
17.24	79.3	8325
17.26	79.3	8326
17.28	79.3	8328
17.29	79.3	8329
17.3	79.3	8330
17.31	79.3	8332
17.33	79.4	8334
17.34	79.4	8335
17.35	79.4	8336
17.36	79.4	8337
17.37	79.4	8338
17.39	79.4	8341
17.4	79.5	8344
17.41	79.5	8346
17.42	79.5	8351
17.43	79.5	8352
17.44	79.6	8354
17.46	79.6	8356
17.47	79.6	8357
17.48	79.6	8358
17.5	79.6	8362
17.51	79.6	8363
17.54	79.7	8367
17.56	79.7	8368
17.59	79.7	8371
17.6	79.7	8373
17.61	79.7	8374
17.62	79.8	8376
17.63	79.8	8378
17.64	79.8	8379
17.65	79.8	8380
17.67	79.8	8381
17.68	79.8	8382
17.69	79.8	8383
17.7	79.8	8384
17.71	79.9	8386
17.72	79.9	8388
17.73	79.9	8391
17.74	79.9	8392
17.75	79.9	8395
17.77	80.0	8398
17.79	80.0	8402
17.8	80.0	8403
17.82	80.0	8405
17.84	80.0	8406
17.86	80.1	8407
17.88	80.1	8408
17.89	80.1	8410
17.9	80.1	8411
17.91	80.1	8414
17.94	80.1	8416
17.95	80.2	8418
17.96	80.2	8419
17.97	80.2	8423
17.98	80.2	8424
17.99	80.2	8426
18.0	80.3	8429
18.02	80.3	8434
18.03	80.3	8435
18.04	80.4	8438
18.07	80.4	8440
18.08	80.4	8442
18.1	80.4	8445
18.11	80.5	8449
18.12	80.5	8450
18.13	80.5	8452
18.14	80.5	8453
18.15	80.5	8457
18.16	80.6	8459
18.17	80.6	8460
18.2	80.6	8463
18.21	80.6	8464
18.22	80.6	8465
18.24	80.6	8468
18.26	80.7	8470
18.27	80.7	8471
18.28	80.7	8473
18.29	80.7	8474
18.3	80.7	8476
18.31	80.7	8477
18.32	80.7	8478
18.33	80.7	8479
18.34	80.8	8480
18.38	80.8	8483
18.39	80.8	8484
18.41	80.8	8487
18.42	80.8	8489
18.43	80.9	8492
18.44	80.9	8493
18.45	80.9	8498
18.47	80.9	8499
18.48	81.0	8501
18.5	81.0	8505
18.51	81.0	8507
18.53	81.0	8509
18.54	81.0	8511
18.55	81.1	8513
18.59	81.1	8515
18.62	81.1	8516
18.63	81.1	8517
18.64	81.1	8519
18.65	81.1	8521
18.66	81.2	8522
18.68	81.2	8523
18.69	81.2	8525
18.72	81.2	8527
18.73	81.2	8528
18.74	81.2	8529
18.75	81.2	8530
18.76	81.2	8532
18.78	81.3	8533
18.79	81.3	8534
18.8	81.3	8536
18.82	81.3	8537
18.84	81.3	8538
18.85	81.3	8539
18.86	81.3	8540
18.87	81.3	8541
18.88	81.4	8546
18.89	81.4	8548
18.9	81.4	8549
18.94	81.4	8551
18.96	81.4	8552
18.98	81.4	8553
18.99	81.5	8557
19.01	81.5	8558
19.02	81.5	8560
19.03	81.5	8561
19.04	81.6	8565
19.05	81.6	8569
19.07	81.6	8570
19.1	81.6	8571
19.11	81.6	8572
19.12	81.7	8575
19.13	81.7	8576
19.14	81.7	8577
19.17	81.7	8578
19.19	81.7	8581
19.2	81.8	8585
19.21	81.8	8586
19.23	81.8	8588
19.25	81.8	8590
19.26	81.8	8591
19.27	81.8	8592
19.28	81.8	8593
19.3	81.9	8596
19.32	81.9	8598
19.35	81.9	8601
19.36	81.9	8602
19.37	82.0	8606
19.38	82.0	8607
19.39	82.0	8608
19.41	82.0	8609
19.43	82.0	8610
19.44	82.0	8612
19.45	82.0	8614
19.46	82.0	8615
19.48	82.1	8617
19.49	82.1	8618
19.51	82.1	8619
19.53	82.1	8620
19.55	82.1	8624
19.56	82.2	8627
19.57	82.2	8628
19.59	82.2	8630
19.61	82.2	8631
19.63	82.2	8633
19.64	82.2	8634
19.65	82.2	8636
19.66	82.3	8638
19.67	82.3	8640
19.68	82.3	8642
19.7	82.3	8644
19.71	82.3	8645
19.73	82.3	8646
19.74	82.4	8648
19.76	82.4	8650
19.82	82.4	8651
19.84	82.4	8652
19.85	82.4	8653
19.86	82.4	8655
19.87	82.4	8656
19.88	82.5	8659
19.89	82.5	8660
19.92	82.5	8663
19.94	82.5	8666
19.97	82.5	8667
19.99	82.5	8668
20.0	82.6	8670
20.01	82.6	8672
20.02	82.6	8673
20.05	82.6	8675
20.06	82.6	8676
20.07	82.6	8677
20.1	82.6	8678
20.11	82.7	8680
20.12	82.7	8682
20.13	82.7	8683
20.14	82.7	8684
20.15	82.7	8685
20.18	82.7	8686
20.19	82.7	8687
20.2	82.7	8689
20.22	82.8	8691
20.23	82.8	8692
20.26	82.8	8693
20.27	82.8	8694
20.3	82.8	8698
20.31	82.8	8699
20.33	82.8	8700
20.39	82.9	8702
20.41	82.9	8703
20.44	82.9	8707
20.45	82.9	8708
20.46	82.9	8709
20.47	82.9	8710
20.48	83.0	8711
20.49	83.0	8713
20.5	83.0	8714
20.51	83.0	8716
20.52	83.0	8717
20.53	83.0	8718
20.54	83.0	8721
20.57	83.1	8722
20.58	83.1	8723
20.59	83.1	8724
20.61	83.1	8729
20.62	83.1	8731
20.63	83.2	8735
20.64	83.2	8736
20.66	83.2	8737
20.68	83.2	8740
20.69	83.2	8741
20.7	83.3	8745
20.71	83.3	8746
20.74	83.3	8747
20.75	83.3	8750
20.76	83.3	8752
20.77	83.4	8753
20.78	83.4	8754
20.8	83.4	8756
20.81	83.4	8757
20.83	83.4	8758
20.84	83.4	8760
20.86	83.4	8761
20.87	83.4	8762
20.88	83.5	8765
20.89	83.5	8767
20.9	83.5	8769
20.91	83.5	8770
20.94	83.5	8771
20.96	83.6	8774
20.97	83.6	8779
20.98	83.6	8781
20.99	83.6	8782
21.01	83.6	8783
21.04	83.6	8784
21.05	83.7	8785
21.06	83.7	8787
21.07	83.7	8788
21.08	83.7	8789
21.09	83.7	8790
21.1	83.7	8791
21.11	83.7	8792
21.13	83.7	8793
21.16	83.7	8794
21.17	83.8	8795
21.18	83.8	8797
21.22	83.8	8799
21.24	83.8	8803
21.25	83.8	8804
21.29	83.8	8805
21.31	83.9	8807
21.32	83.9	8808
21.35	83.9	8810
21.36	83.9	8812
21.37	83.9	8814
21.39	83.9	8815
21.4	84.0	8818
21.42	84.0	8819
21.46	84.0	8821
21.48	84.0	8822
21.51	84.0	8823
21.52	84.0	8826
21.54	84.1	8827
21.58	84.1	8828
21.6	84.1	8829
21.62	84.1	8830
21.63	84.1	8831
21.71	84.1	8833
21.72	84.1	8835
21.73	84.1	8836
21.74	84.2	8839
21.76	84.2	8840
21.78	84.2	8841
21.82	84.2	8842
21.85	84.2	8843
21.86	84.2	8845
21.87	84.2	8847
21.88	84.3	8849
21.89	84.3	8850
21.91	84.3	8852
21.98	84.3	8853
21.99	84.3	8855
22.01	84.3	8856
22.03	84.3	8857
22.05	84.4	8858
22.06	84.4	8859
22.08	84.4	8860
22.09	84.4	8861
22.12	84.4	8862
22.18	84.4	8863
22.22	84.4	8864
22.23	84.4	8866
22.25	84.4	8867
22.26	84.4	8868
22.28	84.5	8872
22.29	84.5	8874
22.31	84.5	8875
22.34	84.5	8876
22.36	84.5	8877
22.37	84.5	8878
22.38	84.6	8879
22.39	84.6	8881
22.4	84.6	8884
22.41	84.6	8886
22.42	84.6	8888
22.43	84.6	8889
22.44	84.7	8891
22.46	84.7	8894
22.47	84.7	8896
22.48	84.7	8897
22.51	84.7	8898
22.52	84.7	8899
22.58	84.8	8901
22.59	84.8	8902
22.61	84.8	8903
22.64	84.8	8905
22.65	84.8	8907
22.69	84.8	8908
22.7	84.8	8910
22.71	84.9	8911
22.75	84.9	8912
22.76	84.9	8913
22.79	84.9	8914
22.8	84.9	8915
22.81	84.9	8916
22.82	84.9	8917
22.83	84.9	8918
22.84	84.9	8919
22.85	84.9	8920
22.86	85.0	8921
22.88	85.0	8922
22.89	85.0	8923
22.9	85.0	8924
22.91	85.0	8925
22.92	85.0	8926
22.93	85.0	8927
22.95	85.0	8928
22.96	85.0	8929
22.97	85.0	8930
22.98	85.1	8932
23.02	85.1	8933
23.06	85.1	8934
23.07	85.1	8936
23.09	85.1	8937
23.11	85.1	8938
23.12	85.1	8939
23.14	85.2	8944
23.15	85.2	8946
23.17	85.2	8948
23.21	85.2	8949
23.22	85.2	8950
23.26	85.3	8953
23.28	85.3	8954
23.3	85.3	8955
23.31	85.3	8956
23.33	85.3	8957
23.35	85.3	8958
23.36	85.3	8959
23.38	85.3	8960
23.41	85.3	8961
23.43	85.3	8962
23.44	85.4	8963
23.45	85.4	8965
23.48	85.4	8967
23.51	85.4	8969
23.52	85.4	8970
23.53	85.4	8971
23.56	85.4	8972
23.6	85.4	8973
23.61	85.5	8974
23.64	85.5	8975
23.67	85.5	8977
23.7	85.5	8979
23.71	85.5	8980
23.73	85.5	8981
23.77	85.5	8983
23.8	85.6	8984
23.81	85.6	8986
23.82	85.6	8987
23.83	85.6	8989
23.84	85.6	8991
23.85	85.6	8992
23.86	85.6	8993
23.87	85.6	8994
23.88	85.7	8995
23.89	85.7	8996
23.91	85.7	8997
23.93	85.7	8998
23.94	85.7	8999
23.96	85.7	9000
23.97	85.7	9001
23.98	85.7	9003
24.0	85.8	9005
24.01	85.8	9006
24.02	85.8	9007
24.05	85.8	9008
24.08	85.8	9009
24.12	85.8	9011
24.13	85.8	9013
24.19	85.8	9014
24.2	85.9	9016
24.21	85.9	9018
24.27	85.9	9020
24.28	85.9	9021
24.3	85.9	9022
24.32	85.9	9023
24.34	85.9	9025
24.35	86.0	9026
24.38	86.0	9027
24.39	86.0	9029
24.41	86.0	9030
24.42	86.0	9032
24.43	86.0	9033
24.45	86.0	9034
24.46	86.0	9036
24.47	86.1	9037
24.49	86.1	9040
24.51	86.1	9041
24.52	86.1	9042
24.53	86.1	9043
24.57	86.1	9044
24.6	86.1	9045
24.61	86.1	9046
24.62	86.2	9048
24.64	86.2	9049
24.65	86.2	9051
24.71	86.2	9052
24.72	86.2	9053
24.73	86.2	9055
24.74	86.2	9056
24.75	86.3	9059
24.76	86.3	9060
24.78	86.3	9061
24.79	86.3	9063
24.8	86.3	9065
24.81	86.3	9067
24.82	86.4	9069
24.83	86.4	9071
24.86	86.4	9073
24.89	86.4	9074
24.9	86.4	9075
24.92	86.4	9076
24.93	86.4	9077
24.94	86.4	9078
24.96	86.5	9079
25.01	86.5	9080
25.03	86.5	9081
25.05	86.5	9082
25.08	86.5	9083
25.09	86.5	9084
25.11	86.5	9085
25.13	86.5	9086
25.17	86.6	9089
25.18	86.6	9090
25.2	86.6	9091
25.21	86.6	9094
25.22	86.6	9095
25.23	86.6	9097
25.26	86.6	9098
25.28	86.6	9099
25.31	86.7	9100
25.32	86.7	9101
25.34	86.7	9102
25.35	86.7	9104
25.37	86.7	9105
25.4	86.7	9107
25.44	86.7	9108
25.46	86.7	9109
25.48	86.8	9111
25.53	86.8	9112
25.54	86.8	9113
25.56	86.8	9114
25.59	86.8	9116
25.6	86.8	9117
25.61	86.8	9118
25.62	86.8	9119
25.64	86.9	9122
25.65	86.9	9123
25.67	86.9	9124
25.69	86.9	9125
25.7	86.9	9126
25.71	86.9	9127
25.72	86.9	9129
25.73	87.0	9131
25.74	87.0	9132
25.82	87.0	9133
25.83	87.0	9134
25.85	87.0	9135
25.87	87.0	9136
25.9	87.0	9138
25.93	87.0	9139
25.95	87.0	9141
25.96	87.1	9142
25.97	87.1	9143
26.0	87.1	9145
26.01	87.1	9146
26.02	87.1	9147
26.05	87.1	9148
26.07	87.1	9149
26.08	87.1	9150
26.09	87.2	9152
26.1	87.2	9153
26.14	87.2	9156
26.16	87.2	9157
26.18	87.2	9159
26.19	87.2	9161
26.22	87.3	9166
26.26	87.3	9167
26.28	87.3	9169
26.29	87.3	9170
26.35	87.3	9172
26.36	87.4	9173
26.39	87.4	9176
26.43	87.4	9177
26.44	87.4	9179
26.46	87.4	9181
26.47	87.4	9182
26.49	87.4	9183
26.5	87.5	9184
26.51	87.5	9185
26.65	87.5	9187
26.68	87.5	9188
26.69	87.5	9189
26.73	87.5	9190
26.76	87.5	9191
26.78	87.5	9192
26.79	87.6	9195
26.8	87.6	9196
26.84	87.6	9198
26.85	87.6	9199
26.88	87.6	9202
26.9	87.6	9203
26.91	87.6	9204
26.96	87.7	9205
27.0	87.7	9207
27.01	87.7	9209
27.04	87.7	9210
27.06	87.7	9211
27.09	87.7	9212
27.1	87.7	9213
27.11	87.7	9214
27.16	87.8	9217
27.17	87.8	9218
27.18	87.8	9220
27.2	87.8	9222
27.21	87.8	9223
27.23	87.8	9225
27.26	87.9	9226
27.29	87.9	9229
27.33	87.9	9230
27.34	87.9	9231
27.36	87.9	9233
27.4	87.9	9234
27.41	88.0	9237
27.42	88.0	9238
27.43	88.0	9239
27.44	88.0	9240
27.46	88.0	9244
27.49	88.1	9247
27.52	88.1	9248
27.53	88.1	9249
27.54	88.1	9250
27.55	88.1	9251
27.56	88.1	9252
27.58	88.1	9253
27.59	88.1	9254
27.6	88.1	9255
27.63	88.2	9258
27.64	88.2	9259
27.66	88.2	9260
27.68	88.2	9262
27.69	88.2	9264
27.7	88.2	9267
27.79	88.3	9268
27.83	88.3	9269
27.85	88.3	9270
27.88	88.3	9271
27.9	88.3	9272
27.93	88.3	9274
27.94	88.3	9275
27.95	88.3	9277
27.97	88.4	9278
27.98	88.4	9279
28.0	88.4	9280
28.01	88.4	9281
28.03	88.4	9282
28.08	88.4	9283
28.09	88.4	9286
28.11	88.4	9287
28.15	88.4	9288
28.17	88.5	9289
28.22	88.5	9291
28.26	88.5	9294
28.27	88.5	9297
28.29	88.5	9298
28.3	88.6	9300
28.31	88.6	9301
28.33	88.6	9303
28.37	88.6	9304
28.41	88.6	9305
28.42	88.6	9306
28.44	88.6	9307
28.56	88.6	9308
28.6	88.6	9309
28.61	88.7	9312
28.7	88.7	9313
28.71	88.7	9315
28.78	88.7	9318
28.79	88.7	9319
28.88	88.8	9321
28.91	88.8	9322
28.93	88.8	9323
28.94	88.8	9324
28.95	88.8	9325
28.97	88.8	9326
28.99	88.8	9327
29.01	88.8	9328
29.07	88.8	9330
29.11	88.9	9332
29.12	88.9	9334
29.17	88.9	9335
29.23	88.9	9336
29.24	88.9	9337
29.27	88.9	9338
29.28	88.9	9339
29.29	88.9	9340
29.31	89.0	9341
29.33	89.0	9343
29.36	89.0	9344
29.38	89.0	9348
29.39	89.0	9349
29.42	89.0	9350
29.44	89.1	9352
29.46	89.1	9353
29.47	89.1	9354
29.49	89.1	9356
29.51	89.1	9357
29.53	89.1	9358
29.54	89.1	9359
29.57	89.1	9360
29.65	89.1	9361
29.66	89.2	9362
29.73	89.2	9363
29.76	89.2	9364
29.87	89.2	9365
29.9	89.2	9366
29.91	89.2	9367
29.95	89.2	9368
29.96	89.2	9369
29.97	89.2	9370
29.98	89.2	9371
30.0	89.2	9372
30.03	89.3	9374
30.07	89.3	9375
30.08	89.3	9377
30.09	89.3	9378
30.18	89.3	9379
30.26	89.3	9381
30.37	89.3	9382
30.38	89.4	9383
30.39	89.4	9384
30.43	89.4	9387
30.45	89.4	9388
30.47	89.4	9389
30.48	89.4	9391
30.49	89.4	9392
30.54	89.4	9393
30.58	89.5	9394
30.62	89.5	9395
30.63	89.5	9396
30.65	89.5	9397
30.66	89.5	9398
30.68	89.5	9399
30.71	89.5	9400
30.77	89.5	9402
30.81	89.5	9403
30.83	89.6	9404
30.85	89.6	9405
30.89	89.6	9408
30.91	89.6	9409
30.93	89.6	9410
30.95	89.6	9412
30.97	89.6	9413
30.98	89.7	9415
31.0	89.7	9417
31.01	89.7	9418
31.04	89.7	9419
31.05	89.7	9421
31.06	89.7	9422
31.08	89.7	9424
31.12	89.8	9426
31.14	89.8	9427
31.17	89.8	9428
31.21	89.8	9429
31.23	89.8	9430
31.26	89.8	9431
31.3	89.8	9433
31.33	89.8	9434
31.36	89.8	9435
31.4	89.9	9438
31.42	89.9	9439
31.48	89.9	9441
31.5	89.9	9442
31.51	89.9	9444
31.55	89.9	9445
31.6	90.0	9446
31.64	90.0	9447
31.65	90.0	9448
31.67	90.0	9449
31.72	90.0	9450
31.78	90.0	9451
31.79	90.0	9453
31.86	90.0	9454
31.89	90.0	9455
31.9	90.1	9457
31.96	90.1	9458
31.98	90.1	9459
32.02	90.1	9461
32.08	90.1	9462
32.1	90.1	9464
32.16	90.1	9465
32.17	90.2	9468
32.2	90.2	9469
32.21	90.2	9470
32.25	90.2	9471
32.26	90.2	9472
32.28	90.2	9473
32.34	90.2	9474
32.35	90.2	9475
32.39	90.2	9476
32.42	90.3	9478
32.45	90.3	9479
32.49	90.3	9480
32.55	90.3	9481
32.59	90.3	9483
32.68	90.3	9485
32.75	90.3	9486
32.76	90.3	9487
32.88	90.4	9488
32.9	90.4	9489
32.95	90.4	9490
32.99	90.4	9491
33.04	90.4	9493
33.05	90.4	9495
33.07	90.4	9496
33.08	90.4	9498
33.15	90.5	9499
33.18	90.5	9500
33.19	90.5	9502
33.2	90.5	9503
33.21	90.5	9505
33.23	90.5	9506
33.24	90.5	9507
33.26	90.6	9509
33.27	90.6	9510
33.31	90.6	9513
33.32	90.6	9514
33.35	90.6	9515
33.36	90.6	9517
33.39	90.6	9518
33.41	90.6	9519
33.42	90.7	9521
33.46	90.7	9522
33.51	90.7	9524
33.56	90.7	9525
33.58	90.7	9526
33.59	90.7	9527
33.62	90.7	9528
33.64	90.7	9529
33.7	90.8	9530
33.71	90.8	9532
33.72	90.8	9533
33.84	90.8	9534
33.87	90.8	9535
33.88	90.8	9536
33.93	90.8	9538
33.94	90.8	9539
33.96	90.8	9540
33.99	90.9	9541
34.03	90.9	9542
34.14	90.9	9543
34.18	90.9	9544
34.19	90.9	9545
34.2	90.9	9547
34.24	90.9	9548
34.26	90.9	9549
34.32	90.9	9550
34.33	91.0	9551
34.41	91.0	9552
34.45	91.0	9553
34.46	91.0	9554
34.48	91.0	9556
34.5	91.0	9557
34.55	91.0	9558
34.6	91.0	9559
34.63	91.0	9560
34.64	91.0	9561
34.74	91.1	9562
34.75	91.1	9563
34.76	91.1	9564
34.77	91.1	9565
34.78	91.1	9566
34.8	91.1	9567
34.85	91.1	9568
34.86	91.1	9569
34.98	91.1	9570
35.0	91.1	9571
35.03	91.2	9572
35.06	91.2	9573
35.07	91.2	9574
35.1	91.2	9575
35.13	91.2	9576
35.14	91.2	9577
35.15	91.2	9579
35.22	91.2	9581
35.25	91.3	9583
35.26	91.3	9585
35.3	91.3	9587
35.32	91.3	9588
35.38	91.3	9592
35.41	91.4	9593
35.45	91.4	9595
35.48	91.4	9596
35.5	91.4	9597
35.56	91.4	9598
35.61	91.4	9599
35.68	91.4	9600
35.69	91.4	9601
35.76	91.4	9602
35.78	91.4	9603
35.82	91.5	9604
35.83	91.5	9605
35.84	91.5	9606
35.92	91.5	9608
35.97	91.5	9609
36.02	91.5	9610
36.03	91.5	9611
36.13	91.5	9612
36.18	91.5	9613
36.22	91.6	9615
36.32	91.6	9616
36.39	91.6	9617
36.45	91.6	9618
36.53	91.6	9619
36.58	91.6	9620
36.6	91.6	9621
36.66	91.6	9622
36.68	91.6	9623
36.69	91.6	9624
36.75	91.7	9625
36.81	91.7	9626
36.84	91.7	9627
36.9	91.7	9628
36.96	91.7	9629
36.98	91.7	9632
37.04	91.7	9633
37.05	91.7	9634
37.06	91.8	9635
37.11	91.8	9636
37.23	91.8	9637
37.26	91.8	9639
37.27	91.8	9640
37.3	91.8	9641
37.34	91.8	9642
37.36	91.8	9643
37.37	91.8	9644
37.4	91.8	9645
37.47	91.9	9646
37.48	91.9	9647
37.49	91.9	9648
37.5	91.9	9649
37.53	91.9	9650
37.58	91.9	9652
37.59	91.9	9653
37.6	91.9	9654
37.66	91.9	9655
37.75	92.0	9659
37.78	92.0	9660
37.82	92.0	9661
37.91	92.0	9662
37.92	92.0	9663
37.94	92.0	9665
38.07	92.0	9666
38.15	92.1	9667
38.17	92.1	9668
38.26	92.1	9669
38.28	92.1	9670
38.31	92.1	9671
38.33	92.1	9672
38.47	92.1	9673
38.5	92.1	9674
38.52	92.1	9675
38.57	92.1	9676
38.59	92.2	9677
38.69	92.2	9678
38.83	92.2	9679
38.89	92.2	9680
38.92	92.2	9681
38.98	92.2	9682
38.99	92.2	9683
39.02	92.2	9685
39.04	92.2	9686
39.06	92.2	9687
39.15	92.3	9688
39.17	92.3	9689
39.2	92.3	9691
39.31	92.3	9692
39.34	92.3	9693
39.39	92.3	9694
39.53	92.3	9695
39.58	92.3	9696
39.67	92.3	9697
39.68	92.4	9699
39.75	92.4	9700
39.78	92.4	9701
39.8	92.4	9702
39.83	92.4	9703
39.86	92.4	9705
39.89	92.4	9706
39.93	92.4	9707
39.99	92.4	9708
40.02	92.5	9709
40.04	92.5	9710
40.07	92.5	9711
40.08	92.5	9712
40.12	92.5	9713
40.14	92.5	9714
40.17	92.5	9715
40.23	92.5	9716
40.26	92.5	9717
40.27	92.6	9719
40.36	92.6	9720
40.38	92.6	9721
40.43	92.6	9722
40.47	92.6	9724
40.53	92.6	9725
40.62	92.6	9726
40.72	92.6	9727
40.77	92.6	9729
40.81	92.7	9730
40.92	92.7	9731
41.0	92.7	9732
41.07	92.7	9733
41.08	92.7	9734
41.13	92.7	9735
41.18	92.7	9736
41.2	92.7	9738
41.22	92.7	9739
41.24	92.8	9740
41.39	92.8	9741
41.41	92.8	9742
41.42	92.8	9743
41.5	92.8	9744
41.54	92.8	9745
41.6	92.8	9748
41.68	92.8	9749
41.82	92.9	9751
41.83	92.9	9752
41.86	92.9	9753
41.94	92.9	9754
42.11	92.9	9755
42.21	92.9	9756
42.32	92.9	9757
42.34	92.9	9758
42.35	92.9	9759
42.36	93.0	9761
42.4	93.0	9762
42.41	93.0	9763
42.43	93.0	9764
42.44	93.0	9765
42.46	93.0	9766
42.47	93.0	9768
42.51	93.0	9769
42.53	93.0	9770
42.57	93.0	9771
42.58	93.1	9772
42.64	93.1	9773
42.66	93.1	9774
42.69	93.1	9776
42.74	93.1	9778
42.77	93.1	9779
42.79	93.1	9780
42.81	93.1	9781
42.9	93.2	9782
42.92	93.2	9783
42.98	93.2	9784
43.03	93.2	9785
43.14	93.2	9786
43.18	93.2	9787
43.2	93.2	9788
43.21	93.2	9789
43.23	93.2	9790
43.28	93.2	9791
43.37	93.2	9792
43.51	93.3	9793
43.55	93.3	9794
43.57	93.3	9795
43.61	93.3	9798
43.66	93.3	9799
43.72	93.3	9800
43.84	93.3	9802
43.87	93.4	9803
43.98	93.4	9804
44.02	93.4	9805
44.2	93.4	9806
44.21	93.4	9807
44.29	93.4	9808
44.33	93.4	9809
44.36	93.4	9810
44.42	93.4	9811
44.5	93.4	9812
44.56	93.4	9813
44.78	93.5	9814
44.8	93.5	9816
44.9	93.5	9817
44.95	93.5	9818
44.98	93.5	9819
45.03	93.5	9820
45.12	93.5	9821
45.13	93.5	9822
45.25	93.6	9824
45.3	93.6	9826
45.36	93.6	9827
45.38	93.6	9828
45.55	93.6	9829
45.6	93.6	9830
45.64	93.6	9831
45.66	93.6	9832
45.78	93.6	9833
45.79	93.6	9834
45.81	93.7	9835
45.83	93.7	9836
45.84	93.7	9837
46.0	93.7	9838
46.06	93.7	9839
46.14	93.7	9840
46.18	93.7	9841
46.2	93.7	9843
46.23	93.8	9845
46.29	93.8	9846
46.49	93.8	9847
46.53	93.8	9848
46.54	93.8	9849
46.6	93.8	9850
46.61	93.8	9851
46.7	93.8	9852
46.73	93.8	9853
46.77	93.8	9854
46.81	93.8	9855
46.96	93.9	9856
47.07	93.9	9857
47.14	93.9	9858
47.22	93.9	9859
47.25	93.9	9861
47.27	93.9	9862
47.41	93.9	9863
47.43	93.9	9864
47.69	93.9	9865
47.88	94.0	9866
47.93	94.0	9867
47.97	94.0	9868
48.05	94.0	9869
48.06	94.0	9870
48.08	94.0	9871
48.09	94.0	9872
48.11	94.0	9873
48.13	94.0	9874
48.15	94.0	9875
48.24	94.0	9876
48.25	94.1	9878
48.29	94.1	9879
48.38	94.1	9880
48.44	94.1	9882
48.47	94.1	9883
48.55	94.1	9884
48.7	94.1	9885
48.89	94.1	9886
48.95	94.2	9887
49.01	94.2	9888
49.02	94.2	9889
49.06	94.2	9890
49.12	94.2	9891
49.18	94.2	9892
49.21	94.2	9893
49.25	94.2	9894
49.27	94.2	9895
49.29	94.2	9896
49.39	94.2	9897
49.5	94.3	9898
49.57	94.3	9899
49.68	94.3	9900
49.91	94.3	9902
50.03	94.3	9903
50.04	94.3	9904
50.18	94.3	9907
50.28	94.4	9908
50.36	94.4	9909
50.52	94.4	9910
50.75	94.4	9911
50.96	94.4	9912
51.21	94.4	9913
51.44	94.4	9914
51.48	94.4	9915
51.55	94.4	9916
51.58	94.4	9917
51.61	94.4	9918
51.72	94.5	9919
51.83	94.5	9921
51.98	94.5	9922
52.16	94.5	9923
52.23	94.5	9924
52.46	94.5	9925
52.68	94.5	9926
52.72	94.5	9927
52.86	94.5	9928
52.94	94.6	9929
53.06	94.6	9930
53.39	94.6	9931
53.49	94.6	9932
53.65	94.6	9933
53.67	94.6	9934
53.88	94.6	9936
53.96	94.6	9937
54.0	94.6	9938
54.22	94.6	9939
54.23	94.7	9940
54.33	94.7	9941
54.36	94.7	9943
54.44	94.7	9944
54.47	94.7	9945
54.5	94.7	9946
54.54	94.7	9947
54.73	94.7	9948
55.01	94.7	9949
55.13	94.8	9950
55.26	94.8	9951
55.35	94.8	9953
55.45	94.8	9954
55.57	94.8	9956
55.6	94.8	9957
55.62	94.8	9958
55.8	94.8	9959
55.98	94.8	9960
56.04	94.9	9961
56.08	94.9	9962
56.09	94.9	9963
56.11	94.9	9964
56.17	94.9	9965
56.24	94.9	9966
56.27	94.9	9967
56.41	94.9	9968
56.43	94.9	9969
56.44	94.9	9970
56.54	95.0	9971
56.83	95.0	9972
56.93	95.0	9973
56.94	95.0	9974
57.1	95.0	9975
57.16	95.0	9976
57.25	95.0	9977
57.26	95.0	9978
57.28	95.0	9979
57.34	95.0	9980
57.41	95.0	9981
57.66	95.1	9982
57.83	95.1	9984
57.95	95.1	9985
58.04	95.1	9986
58.07	95.1	9987
58.14	95.1	9988
58.16	95.1	9989
58.17	95.1	9990
58.45	95.1	9991
58.53	95.2	9992
58.95	95.2	9993
59.09	95.2	9995
59.28	95.2	9996
59.41	95.2	9997
59.52	95.2	9998
59.56	95.2	9999
59.67	95.2	10000
59.75	95.2	10001
59.77	95.2	10002
59.81	95.3	10003
60.15	95.3	10004
60.29	95.3	10005
60.4	95.3	10006
60.49	95.3	10007
60.54	95.3	10008
60.55	95.3	10009
60.63	95.3	10010
60.85	95.3	10012
60.87	95.4	10013
60.9	95.4	10014
60.98	95.4	10015
61.31	95.4	10017
61.43	95.4	10018
61.46	95.4	10019
61.53	95.4	10020
61.54	95.4	10021
61.77	95.4	10022
62.03	95.4	10023
62.09	95.5	10024
62.21	95.5	10025
62.29	95.5	10026
62.34	95.5	10027
62.43	95.5	10028
62.54	95.5	10029
62.55	95.5	10030
62.56	95.5	10031
62.73	95.5	10032
62.78	95.5	10033
62.85	95.6	10034
62.97	95.6	10035
63.21	95.6	10037
63.35	95.6	10039
63.42	95.6	10040
63.49	95.6	10041
63.51	95.6	10042
63.58	95.6	10043
63.73	95.6	10044
63.79	95.7	10045
64.01	95.7	10046
64.02	95.7	10047
64.05	95.7	10048
64.24	95.7	10049
64.27	95.7	10050
64.52	95.7	10052
64.59	95.7	10053
64.76	95.7	10054
65.16	95.8	10055
65.23	95.8	10056
65.32	95.8	10057
65.41	95.8	10058
65.54	95.8	10059
65.63	95.8	10061
65.72	95.8	10062
65.76	95.8	10063
65.85	95.8	10064
65.99	95.8	10065
66.16	95.9	10066
66.36	95.9	10067
66.4	95.9	10069
66.42	95.9	10070
66.63	95.9	10071
66.66	95.9	10072
66.88	95.9	10073
67.01	95.9	10074
67.02	95.9	10075
67.14	96.0	10076
67.39	96.0	10077
67.46	96.0	10078
67.59	96.0	10079
67.67	96.0	10080
68.24	96.0	10081
68.47	96.0	10082
68.86	96.0	10083
69.1	96.0	10084
69.22	96.0	10085
69.34	96.0	10086
69.52	96.1	10087
69.69	96.1	10088
69.81	96.1	10089
70.11	96.1	10090
70.13	96.1	10091
70.51	96.1	10092
70.52	96.1	10093
70.6	96.1	10094
70.85	96.1	10095
70.91	96.1	10096
71.33	96.2	10097
71.34	96.2	10098
71.36	96.2	10099
71.4	96.2	10100
71.52	96.2	10101
71.63	96.2	10102
72.06	96.2	10103
72.07	96.2	10104
72.12	96.2	10105
72.16	96.2	10106
72.48	96.2	10107
72.65	96.3	10108
72.71	96.3	10109
72.94	96.3	10111
72.95	96.3	10112
73.04	96.3	10113
73.07	96.3	10114
73.18	96.3	10115
73.31	96.3	10116
73.46	96.3	10117
73.68	96.4	10118
73.79	96.4	10119
74.0	96.4	10120
74.62	96.4	10121
74.78	96.4	10122
74.81	96.4	10124
75.17	96.4	10125
75.2	96.4	10126
75.22	96.4	10127
75.52	96.4	10128
75.97	96.5	10129
76.05	96.5	10130
76.13	96.5	10131
76.15	96.5	10132
76.31	96.5	10133
76.34	96.5	10134
76.57	96.5	10135
77.29	96.5	10137
77.73	96.5	10138
78.67	96.6	10139
78.72	96.6	10140
78.85	96.6	10141
78.88	96.6	10142
79.25	96.6	10143
79.68	96.6	10145
79.72	96.6	10146
79.84	96.6	10147
80.17	96.6	10148
80.74	96.6	10149
81.14	96.7	10150
81.46	96.7	10151
81.8	96.7	10152
82.45	96.7	10153
82.72	96.7	10154
83.21	96.7	10155
83.52	96.7	10156
83.63	96.7	10157
83.68	96.7	10158
84.18	96.7	10159
84.45	96.8	10160
84.56	96.8	10161
84.79	96.8	10162
84.85	96.8	10163
84.88	96.8	10164
84.89	96.8	10165
85.33	96.8	10166
85.39	96.8	10167
85.43	96.8	10168
86.2	96.8	10169
86.29	96.8	10170
87.21	96.9	10171
87.82	96.9	10172
87.85	96.9	10173
87.86	96.9	10174
88.09	96.9	10175
88.4	96.9	10176
88.47	96.9	10177
88.48	96.9	10178
88.5	96.9	10179
88.56	96.9	10180
88.69	97.0	10181
88.78	97.0	10182
89.55	97.0	10183
90.3	97.0	10184
90.77	97.0	10185
90.78	97.0	10186
90.88	97.0	10188
91.36	97.0	10189
91.72	97.0	10190
91.81	97.0	10191
92.11	97.1	10192
92.45	97.1	10193
92.57	97.1	10194
93.03	97.1	10195
93.12	97.1	10196
93.55	97.1	10197
93.57	97.1	10198
94.35	97.1	10199
94.51	97.1	10200
94.57	97.1	10201
94.75	97.2	10202
94.88	97.2	10203
95.0	97.2	10204
95.37	97.2	10206
95.77	97.2	10207
96.11	97.2	10208
96.5	97.2	10209
96.95	97.2	10210
97.07	97.2	10211
97.25	97.2	10212
97.73	97.3	10213
98.21	97.3	10214
99.0	97.3	10215
99.2	97.3	10216
99.28	97.3	10217
99.44	97.3	10218
101.93	97.3	10219
102.16	97.3	10220
102.26	97.3	10221
103.16	97.3	10222
103.22	97.4	10223
103.62	97.4	10224
103.63	97.4	10225
103.77	97.4	10226
103.97	97.4	10227
104.92	97.4	10228
104.97	97.4	10229
105.27	97.4	10230
106.09	97.4	10231
106.42	97.4	10232
106.53	97.4	10233
106.59	97.5	10234
108.02	97.5	10235
108.4	97.5	10236
108.54	97.5	10237
108.92	97.5	10238
108.93	97.5	10239
109.78	97.5	10240
110.6	97.5	10241
111.19	97.5	10242
111.88	97.5	10243
112.27	97.6	10244
112.6	97.6	10245
113.03	97.6	10246
113.87	97.6	10247
114.11	97.6	10248
114.53	97.6	10249
115.18	97.6	10250
115.86	97.6	10251
116.67	97.6	10252
116.98	97.6	10253
117.25	97.6	10254
118.75	97.7	10255
118.97	97.7	10256
119.04	97.7	10257
119.62	97.7	10258
119.79	97.7	10259
119.83	97.7	10260
122.13	97.7	10261
123.55	97.7	10264
123.75	97.8	10265
124.86	97.8	10266
125.56	97.8	10267
126.1	97.8	10268
126.18	97.8	10269
126.42	97.8	10270
126.91	97.8	10271
127.35	97.8	10272
128.41	97.8	10273
128.54	97.8	10274
129.43	97.8	10275
131.49	97.9	10276
131.52	97.9	10277
132.47	97.9	10278
133.09	97.9	10279
133.61	97.9	10280
133.91	97.9	10281
134.64	97.9	10282
134.88	97.9	10283
135.38	97.9	10284
135.83	97.9	10285
136.51	98.0	10286
137.05	98.0	10287
137.46	98.0	10288
137.68	98.0	10289
137.78	98.0	10290
138.09	98.0	10291
140.53	98.0	10292
140.75	98.0	10293
141.81	98.0	10294
143.06	98.0	10295
143.99	98.0	10296
145.56	98.1	10297
146.63	98.1	10298
146.92	98.1	10299
147.81	98.1	10300
148.26	98.1	10301
149.44	98.1	10302
149.62	98.1	10303
149.66	98.1	10304
150.08	98.1	10305
150.33	98.1	10306
150.76	98.2	10307
150.87	98.2	10308
151.01	98.2	10309
151.17	98.2	10310
158.23	98.2	10311
161.34	98.2	10312
161.47	98.2	10314
163.09	98.2	10315
163.45	98.2	10316
164.1	98.2	10317
165.57	98.3	10318
166.02	98.3	10319
166.17	98.3	10320
167.03	98.3	10321
168.52	98.3	10322
170.01	98.3	10323
170.55	98.3	10324
173.5	98.3	10325
174.14	98.3	10326
175.17	98.3	10327
175.36	98.4	10328
176.41	98.4	10329
178.71	98.4	10330
178.75	98.4	10331
180.6	98.4	10332
184.72	98.4	10333
185.32	98.4	10334
185.55	98.4	10335
185.69	98.4	10336
186.57	98.4	10337
187.9	98.4	10338
189.59	98.5	10339
193.88	98.5	10340
197.68	98.5	10341
203.21	98.5	10342
203.35	98.5	10343
203.58	98.5	10344
203.69	98.5	10345
204.27	98.5	10346
208.81	98.5	10347
214.37	98.5	10348
214.53	98.6	10349
214.81	98.6	10350
220.17	98.6	10351
221.08	98.6	10352
223.2	98.6	10353
226.51	98.6	10354
227.25	98.6	10355
230.58	98.6	10356
231.43	98.6	10357
232.98	98.6	10358
235.26	98.6	10359
235.61	98.7	10360
237.24	98.7	10361
239.65	98.7	10362
253.55	98.7	10363
254.49	98.7	10364
255.17	98.7	10365
256.86	98.7	10366
259.77	98.7	10367
262.49	98.7	10368
263.52	98.7	10369
264.84	98.8	10370
270.39	98.8	10371
271.81	98.8	10372
272.95	98.8	10373
278.62	98.8	10374
281.18	98.8	10375
283.49	98.8	10376
289.63	98.8	10377
290.05	98.8	10378
292.03	98.8	10379
298.33	98.8	10380
304.23	98.9	10381
305.64	98.9	10382
308.68	98.9	10383
309.05	98.9	10384
309.51	98.9	10385
310.41	98.9	10386
315.74	98.9	10387
319.38	98.9	10388
321.88	98.9	10389
323.36	98.9	10390
326.17	99.0	10391
331.65	99.0	10392
333.45	99.0	10393
338.23	99.0	10394
339.3	99.0	10395
349.47	99.0	10396
351.13	99.0	10397
361.84	99.0	10398
371.11	99.0	10399
373.26	99.0	10400
388.46	99.0	10401
388.73	99.1	10402
389.17	99.1	10403
395.98	99.1	10404
400.77	99.1	10405
401.23	99.1	10406
406.06	99.1	10407
409.87	99.1	10408
411.9	99.1	10409
436.84	99.1	10410
446.81	99.1	10411
453.02	99.2	10412
456.4	99.2	10413
465.35	99.2	10414
467.64	99.2	10415
469.22	99.2	10416
471.96	99.2	10417
472.99	99.2	10418
494.2	99.2	10419
525.06	99.2	10420
527.97	99.2	10421
536.83	99.2	10422
542.33	99.3	10423
546.13	99.3	10424
582.45	99.3	10425
586.59	99.3	10426
590.01	99.3	10427
593.83	99.3	10428
612.53	99.3	10429
621.28	99.3	10430
635.88	99.3	10431
670.21	99.3	10432
719.5	99.4	10433
830.46	99.4	10434
864.85	99.4	10435
887.76	99.4	10436
938.1	99.4	10437
953.1	99.4	10438
959.33	99.4	10439
977.26	99.4	10440
1003.6	99.4	10441
1063.6	99.4	10442
1066.36	99.4	10443
1087.24	99.5	10444
1182.63	99.5	10445
1230.17	99.5	10446
1233.72	99.5	10447
1259.2	99.5	10448
1363.55	99.5	10449
1408.61	99.5	10450
1447.85	99.5	10451
1508.16	99.5	10452
1558.91	99.5	10453
1605.17	99.6	10454
1616.8	99.6	10455
1649.18	99.6	10456
1809.75	99.6	10457
1827.68	99.6	10458
1890.85	99.6	10459
2196.94	99.6	10460
2242.43	99.6	10461
2283.2	99.6	10462
2329.79	99.6	10463
2337.11	99.6	10464
2438.52	99.7	10465
2569.16	99.7	10466
2579.93	99.7	10467
2906.14	99.7	10468
2909.68	99.7	10469
2945.4	99.7	10470
3303.89	99.7	10471
3308.98	99.7	10472
3511.52	99.7	10473
3548.05	99.7	10474
3593.41	99.8	10475
3706.49	99.8	10476
3788.86	99.8	10477
3923.29	99.8	10478
3946.32	99.8	10479
4442.02	99.8	10480
5053.36	99.8	10481
5209.68	99.8	10482
5755.96	99.8	10483
6115.71	99.8	10484
6330.3	99.8	10485
6450.4	99.9	10486
6523.42	99.9	10487
6652.17	99.9	10488
8036.1	99.9	10489
8117.67	99.9	10490
8154.28	99.9	10491
8430.7	99.9	10492
8552.05	99.9	10493
8736.73	99.9	10494
9357.01	99.9	10495
9622.05	100.0	10496
10517.84	100.0	10497
16423.41	100.0	10498
18522.35	100.0	10499
19735.72	100.0	10500
25640.97	100.0	10501
