+loci	sumCoverage
0	1053
1	1411
2	1737
3	1900
4	1734
5	1618
6	1726
7	1835
8	1945
9	1823
10	1757
11	1738
12	1760
13	1866
14	1958
15	2109
16	2244
17	2196
18	2132
19	2249
20	2227
21	2206
22	2216
23	2287
24	2328
25	2592
26	2591
27	2569
28	2605
29	2693
30	2734
31	3026
32	3036
33	2641
34	2700
35	2721
36	2729
37	2675
38	2966
39	3664
40	2758
41	2877
42	2895
43	2736
44	2829
45	2688
46	2686
47	2723
48	2661
49	2543
50	2714
51	2583
52	2574
53	2683
54	2857
55	4081
56	3206
57	2602
58	2598
59	2793
60	2880
61	2899
62	2844
63	2808
64	2613
65	2778
66	2830
67	3235
68	2784
69	2886
70	3147
71	2788
72	2677
73	2603
74	3018
75	2783
76	2576
77	2534
78	2546
79	2713
80	2889
81	2663
82	2662
83	3025
84	2908
85	2864
86	3768
87	4091
88	3101
89	2572
90	2522
91	2354
92	2933
93	3401
94	3417
95	2572
96	2128
97	1643
98	1072
99	613
