+RPKM	percent	accumulative_value
0	0.0	0
0.2	0.0	1
0.26	0.0	2
0.27	0.0	3
0.28	0.0	4
0.29	0.0	6
0.3	0.1	7
0.31	0.1	11
0.32	0.1	14
0.33	0.1	15
0.34	0.1	18
0.35	0.1	19
0.36	0.2	22
0.37	0.2	26
0.38	0.2	30
0.39	0.3	37
0.4	0.3	39
0.41	0.3	42
0.42	0.3	45
0.43	0.4	53
0.44	0.4	60
0.45	0.5	67
0.46	0.6	75
0.47	0.6	79
0.48	0.6	83
0.49	0.7	90
0.5	0.7	96
0.51	0.8	104
0.52	0.8	108
0.53	0.8	112
0.54	0.9	115
0.55	0.9	122
0.56	1.0	129
0.57	1.0	137
0.58	1.1	148
0.59	1.2	158
0.6	1.2	165
0.61	1.3	174
0.62	1.4	186
0.63	1.5	200
0.64	1.5	206
0.65	1.7	222
0.66	1.7	233
0.67	1.8	248
0.68	1.9	260
0.69	2.0	269
0.7	2.1	284
0.71	2.2	300
0.72	2.4	316
0.73	2.4	327
0.74	2.5	334
0.75	2.6	352
0.76	2.7	362
0.77	2.8	373
0.78	2.9	392
0.79	3.0	408
0.8	3.1	418
0.81	3.1	422
0.82	3.3	441
0.83	3.4	462
0.84	3.5	473
0.85	3.6	489
0.86	3.8	516
0.87	3.9	530
0.88	4.1	548
0.89	4.2	561
0.9	4.3	575
0.91	4.4	590
0.92	4.6	613
0.93	4.7	625
0.94	4.8	643
0.95	4.9	653
0.96	5.0	673
0.97	5.1	685
0.98	5.2	702
0.99	5.4	721
1.0	5.6	749
1.01	5.7	761
1.02	5.8	783
1.03	5.9	799
1.04	6.1	818
1.05	6.2	831
1.06	6.4	854
1.07	6.5	869
1.08	6.6	885
1.09	6.8	913
1.1	6.9	927
1.11	7.0	942
1.12	7.1	959
1.13	7.3	978
1.14	7.4	991
1.15	7.6	1015
1.16	7.7	1032
1.17	7.8	1052
1.18	8.0	1072
1.19	8.1	1086
1.2	8.2	1107
1.21	8.4	1129
1.22	8.6	1157
1.23	8.7	1174
1.24	8.9	1193
1.25	9.1	1219
1.26	9.2	1239
1.27	9.4	1261
1.28	9.6	1284
1.29	9.7	1303
1.3	9.9	1330
1.31	10.1	1351
1.32	10.2	1372
1.33	10.3	1389
1.34	10.4	1401
1.35	10.6	1429
1.36	10.8	1449
1.37	11.0	1472
1.38	11.1	1486
1.39	11.2	1507
1.4	11.5	1542
1.41	11.6	1564
1.42	11.7	1578
1.43	11.8	1591
1.44	12.0	1612
1.45	12.2	1640
1.46	12.4	1662
1.47	12.6	1687
1.48	12.7	1707
1.49	12.9	1730
1.5	13.1	1756
1.51	13.2	1776
1.52	13.4	1794
1.53	13.5	1813
1.54	13.7	1835
1.55	13.8	1853
1.56	13.9	1867
1.57	14.0	1880
1.58	14.1	1899
1.59	14.3	1917
1.6	14.4	1940
1.61	14.7	1972
1.62	14.8	1994
1.63	15.0	2012
1.64	15.2	2038
1.65	15.4	2064
1.66	15.5	2084
1.67	15.6	2101
1.68	15.8	2127
1.69	15.9	2141
1.7	16.1	2163
1.71	16.2	2179
1.72	16.4	2198
1.73	16.5	2220
1.74	16.7	2241
1.75	16.8	2263
1.76	17.0	2281
1.77	17.1	2301
1.78	17.3	2321
1.79	17.5	2350
1.8	17.6	2370
1.81	17.8	2386
1.82	18.0	2411
1.83	18.1	2432
1.84	18.3	2453
1.85	18.5	2483
1.86	18.6	2500
1.87	18.7	2518
1.88	18.9	2538
1.89	19.0	2552
1.9	19.1	2566
1.91	19.2	2585
1.92	19.4	2603
1.93	19.6	2629
1.94	19.7	2645
1.95	19.8	2659
1.96	20.0	2682
1.97	20.1	2703
1.98	20.3	2720
1.99	20.4	2736
2.0	20.5	2754
2.01	20.6	2770
2.02	20.8	2794
2.03	21.0	2822
2.04	21.2	2843
2.05	21.3	2866
2.06	21.5	2885
2.07	21.6	2897
2.08	21.7	2921
2.09	21.9	2939
2.1	22.0	2957
2.11	22.2	2975
2.12	22.3	2996
2.13	22.5	3018
2.14	22.6	3034
2.15	22.7	3052
2.16	22.9	3074
2.17	23.0	3087
2.18	23.1	3103
2.19	23.3	3123
2.2	23.4	3147
2.21	23.5	3161
2.22	23.7	3179
2.23	23.9	3204
2.24	24.0	3225
2.25	24.2	3247
2.26	24.3	3261
2.27	24.4	3275
2.28	24.5	3287
2.29	24.6	3309
2.3	24.8	3329
2.31	24.9	3344
2.32	25.0	3362
2.33	25.2	3389
2.34	25.3	3404
2.35	25.5	3430
2.36	25.7	3449
2.37	25.8	3469
2.38	26.0	3486
2.39	26.1	3503
2.4	26.2	3525
2.41	26.4	3544
2.42	26.5	3564
2.43	26.7	3583
2.44	26.8	3604
2.45	27.0	3621
2.46	27.2	3651
2.47	27.3	3670
2.48	27.4	3682
2.49	27.5	3696
2.5	27.6	3712
2.51	27.8	3735
2.52	27.9	3752
2.53	28.0	3765
2.54	28.2	3783
2.55	28.3	3800
2.56	28.5	3826
2.57	28.6	3842
2.58	28.8	3863
2.59	28.9	3885
2.6	29.1	3904
2.61	29.2	3920
2.62	29.3	3935
2.63	29.4	3950
2.64	29.6	3977
2.65	29.7	3991
2.66	29.8	4008
2.67	30.0	4030
2.68	30.1	4039
2.69	30.2	4060
2.7	30.4	4086
2.71	30.5	4101
2.72	30.6	4113
2.73	30.7	4127
2.74	30.8	4142
2.75	31.0	4160
2.76	31.1	4180
2.77	31.2	4191
2.78	31.3	4207
2.79	31.4	4221
2.8	31.5	4237
2.81	31.6	4245
2.82	31.7	4263
2.83	31.9	4281
2.84	32.0	4302
2.85	32.1	4317
2.86	32.3	4332
2.87	32.4	4345
2.88	32.5	4365
2.89	32.6	4379
2.9	32.7	4394
2.91	32.9	4415
2.92	33.0	4434
2.93	33.2	4453
2.94	33.3	4474
2.95	33.5	4495
2.96	33.6	4508
2.97	33.7	4523
2.98	33.8	4535
2.99	33.9	4556
3.0	34.1	4581
3.01	34.3	4601
3.02	34.4	4618
3.03	34.5	4635
3.04	34.7	4661
3.05	34.8	4678
3.06	35.0	4696
3.07	35.1	4719
3.08	35.2	4733
3.09	35.3	4741
3.1	35.4	4754
3.11	35.5	4767
3.12	35.6	4785
3.13	35.8	4803
3.14	35.9	4821
3.15	36.0	4836
3.16	36.1	4849
3.17	36.2	4868
3.18	36.4	4883
3.19	36.5	4899
3.2	36.6	4922
3.21	36.8	4939
3.22	36.9	4952
3.23	37.0	4975
3.24	37.2	4993
3.25	37.3	5011
3.26	37.5	5032
3.27	37.6	5053
3.28	37.7	5066
3.29	37.8	5078
3.3	38.0	5099
3.31	38.1	5117
3.32	38.3	5138
3.33	38.4	5160
3.34	38.5	5176
3.35	38.6	5191
3.36	38.8	5206
3.37	38.8	5217
3.38	39.0	5239
3.39	39.1	5255
3.4	39.2	5271
3.41	39.4	5290
3.42	39.5	5303
3.43	39.6	5319
3.44	39.7	5337
3.45	39.9	5355
3.46	40.0	5371
3.47	40.1	5387
3.48	40.2	5404
3.49	40.3	5417
3.5	40.4	5430
3.51	40.6	5447
3.52	40.7	5465
3.53	40.8	5479
3.54	40.9	5498
3.55	41.0	5511
3.56	41.2	5532
3.57	41.2	5539
3.58	41.3	5552
3.59	41.4	5561
3.6	41.5	5573
3.61	41.6	5582
3.62	41.7	5597
3.63	41.8	5614
3.64	41.9	5632
3.65	42.0	5642
3.66	42.1	5658
3.67	42.2	5674
3.68	42.4	5697
3.69	42.5	5711
3.7	42.6	5727
3.71	42.8	5745
3.72	42.9	5760
3.73	43.0	5780
3.74	43.2	5796
3.75	43.3	5810
3.76	43.3	5822
3.77	43.4	5830
3.78	43.5	5840
3.79	43.6	5856
3.8	43.8	5878
3.81	43.9	5896
3.82	44.0	5914
3.83	44.1	5924
3.84	44.2	5935
3.85	44.3	5946
3.86	44.4	5970
3.87	44.6	5984
3.88	44.7	5997
3.89	44.8	6014
3.9	44.9	6026
3.91	44.9	6036
3.92	45.1	6054
3.93	45.2	6067
3.94	45.3	6087
3.95	45.5	6114
3.96	45.6	6127
3.97	45.7	6137
3.98	45.8	6156
3.99	46.0	6172
4.0	46.1	6191
4.01	46.2	6201
4.02	46.3	6218
4.03	46.4	6232
4.04	46.5	6252
4.05	46.6	6263
4.06	46.8	6279
4.07	46.9	6293
4.08	47.0	6308
4.09	47.1	6323
4.1	47.2	6336
4.11	47.3	6353
4.12	47.4	6371
4.13	47.5	6386
4.14	47.7	6401
4.15	47.8	6421
4.16	47.9	6437
4.17	48.0	6447
4.18	48.1	6458
4.19	48.1	6467
4.2	48.2	6476
4.21	48.3	6486
4.22	48.4	6498
4.23	48.5	6510
4.24	48.6	6521
4.25	48.6	6531
4.26	48.7	6544
4.27	48.8	6558
4.28	49.0	6580
4.29	49.1	6595
4.3	49.2	6606
4.31	49.3	6617
4.32	49.4	6639
4.33	49.5	6650
4.34	49.6	6665
4.35	49.7	6679
4.36	49.8	6695
4.37	49.9	6703
4.38	50.0	6712
4.39	50.0	6719
4.4	50.1	6728
4.41	50.2	6742
4.42	50.3	6753
4.43	50.4	6768
4.44	50.5	6785
4.45	50.6	6796
4.46	50.7	6811
4.47	50.9	6830
4.48	50.9	6838
4.49	51.0	6847
4.5	51.0	6856
4.51	51.1	6866
4.52	51.2	6877
4.53	51.2	6883
4.54	51.3	6889
4.55	51.4	6902
4.56	51.4	6910
4.57	51.5	6923
4.58	51.6	6935
4.59	51.7	6948
4.6	51.8	6962
4.61	51.9	6972
4.62	52.0	6986
4.63	52.1	6992
4.64	52.1	7003
4.65	52.2	7016
4.66	52.3	7025
4.67	52.4	7035
4.68	52.5	7049
4.69	52.5	7057
4.7	52.6	7071
4.71	52.7	7079
4.72	52.8	7090
4.73	52.9	7103
4.74	53.0	7124
4.75	53.2	7140
4.76	53.3	7153
4.77	53.3	7164
4.78	53.4	7174
4.79	53.5	7188
4.8	53.6	7200
4.81	53.7	7213
4.82	53.8	7220
4.83	53.8	7231
4.84	53.9	7242
4.85	54.0	7256
4.86	54.1	7262
4.87	54.1	7269
4.88	54.2	7280
4.89	54.3	7292
4.9	54.4	7306
4.91	54.5	7314
4.92	54.5	7320
4.93	54.6	7332
4.94	54.6	7339
4.95	54.7	7351
4.96	54.8	7358
4.97	54.9	7370
4.98	54.9	7376
4.99	55.0	7393
5.0	55.1	7400
5.01	55.1	7405
5.02	55.2	7419
5.03	55.3	7428
5.04	55.4	7444
5.05	55.5	7455
5.06	55.6	7463
5.07	55.6	7470
5.08	55.7	7482
5.09	55.8	7490
5.1	55.8	7497
5.11	55.9	7508
5.12	56.0	7519
5.13	56.0	7524
5.14	56.1	7532
5.15	56.1	7539
5.16	56.2	7549
5.17	56.3	7555
5.18	56.3	7564
5.19	56.4	7578
5.2	56.4	7580
5.21	56.5	7592
5.22	56.6	7603
5.23	56.7	7609
5.24	56.7	7618
5.25	56.8	7626
5.26	56.9	7638
5.27	56.9	7646
5.28	57.0	7652
5.29	57.0	7662
5.3	57.1	7673
5.31	57.2	7684
5.32	57.2	7687
5.33	57.4	7704
5.34	57.4	7707
5.35	57.5	7718
5.36	57.6	7735
5.37	57.7	7745
5.38	57.7	7756
5.39	57.8	7766
5.4	57.9	7772
5.41	58.0	7784
5.42	58.0	7791
5.43	58.1	7802
5.44	58.1	7809
5.45	58.2	7821
5.46	58.3	7829
5.47	58.3	7836
5.48	58.4	7845
5.49	58.5	7856
5.5	58.6	7869
5.51	58.6	7874
5.52	58.7	7879
5.53	58.7	7886
5.54	58.8	7899
5.55	58.9	7905
5.56	58.9	7914
5.57	59.0	7927
5.58	59.1	7935
5.59	59.1	7941
5.6	59.2	7951
5.61	59.2	7957
5.62	59.3	7964
5.63	59.4	7972
5.64	59.4	7981
5.65	59.5	7985
5.66	59.5	7993
5.67	59.6	8005
5.68	59.7	8016
5.69	59.7	8019
5.7	59.8	8027
5.71	59.8	8035
5.72	59.9	8046
5.73	60.0	8058
5.74	60.0	8065
5.75	60.1	8072
5.76	60.2	8086
5.77	60.3	8098
5.78	60.4	8109
5.79	60.5	8120
5.8	60.5	8132
5.81	60.6	8142
5.82	60.7	8148
5.83	60.7	8156
5.84	60.8	8165
5.85	60.9	8176
5.86	60.9	8184
5.87	61.0	8191
5.88	61.0	8197
5.89	61.1	8205
5.9	61.2	8214
5.91	61.2	8224
5.92	61.3	8234
5.93	61.4	8241
5.94	61.4	8251
5.95	61.5	8258
5.96	61.6	8271
5.97	61.7	8281
5.98	61.7	8290
5.99	61.8	8298
6.0	61.8	8305
6.01	61.9	8309
6.02	61.9	8320
6.03	62.0	8325
6.04	62.1	8334
6.05	62.1	8344
6.06	62.2	8351
6.07	62.2	8359
6.08	62.3	8371
6.09	62.4	8379
6.1	62.4	8385
6.11	62.5	8391
6.12	62.5	8399
6.13	62.6	8405
6.14	62.6	8409
6.15	62.7	8416
6.16	62.7	8423
6.17	62.8	8429
6.18	62.8	8438
6.19	62.9	8444
6.2	62.9	8449
6.21	63.0	8459
6.22	63.1	8470
6.23	63.1	8477
6.24	63.2	8485
6.25	63.2	8493
6.26	63.3	8500
6.27	63.4	8511
6.28	63.4	8518
6.29	63.5	8526
6.3	63.5	8535
6.31	63.6	8543
6.32	63.7	8551
6.33	63.7	8560
6.34	63.8	8567
6.35	63.8	8573
6.36	63.9	8577
6.37	63.9	8586
6.38	64.0	8598
6.39	64.1	8606
6.4	64.1	8614
6.41	64.2	8622
6.42	64.3	8633
6.43	64.3	8641
6.44	64.4	8646
6.45	64.4	8647
6.46	64.4	8652
6.47	64.5	8660
6.48	64.5	8668
6.49	64.6	8681
6.5	64.7	8686
6.51	64.7	8694
6.52	64.8	8697
6.53	64.8	8703
6.54	64.8	8707
6.55	64.9	8712
6.56	64.9	8719
6.57	64.9	8722
6.58	65.0	8729
6.59	65.0	8733
6.6	65.1	8742
6.61	65.2	8751
6.62	65.2	8755
6.63	65.3	8764
6.64	65.3	8768
6.65	65.3	8772
6.66	65.3	8777
6.67	65.4	8785
6.68	65.5	8792
6.69	65.5	8795
6.7	65.5	8802
6.71	65.6	8812
6.72	65.7	8821
6.73	65.7	8829
6.74	65.8	8835
6.75	65.8	8841
6.76	65.9	8848
6.77	66.0	8858
6.78	66.0	8863
6.79	66.0	8871
6.8	66.1	8877
6.81	66.1	8883
6.82	66.2	8888
6.83	66.2	8895
6.84	66.3	8901
6.85	66.3	8908
6.86	66.4	8916
6.87	66.5	8925
6.88	66.5	8931
6.89	66.5	8933
6.9	66.6	8940
6.91	66.6	8943
6.92	66.6	8948
6.93	66.6	8951
6.94	66.7	8954
6.95	66.7	8961
6.96	66.8	8973
6.97	66.8	8977
6.98	66.9	8982
6.99	66.9	8988
7.0	66.9	8992
7.01	67.0	9001
7.02	67.1	9010
7.03	67.1	9016
7.04	67.1	9017
7.05	67.2	9021
7.06	67.2	9028
7.07	67.3	9037
7.08	67.3	9043
7.09	67.4	9047
7.1	67.4	9049
7.11	67.4	9052
7.12	67.5	9061
7.13	67.5	9069
7.14	67.6	9074
7.15	67.6	9080
7.16	67.7	9092
7.17	67.7	9097
7.18	67.8	9104
7.19	67.8	9108
7.2	67.9	9118
7.21	67.9	9124
7.22	68.0	9135
7.23	68.1	9140
7.24	68.1	9146
7.25	68.1	9150
7.26	68.2	9155
7.27	68.2	9161
7.28	68.2	9166
7.29	68.3	9176
7.3	68.4	9182
7.31	68.4	9188
7.32	68.4	9192
7.33	68.5	9195
7.34	68.5	9199
7.35	68.6	9208
7.36	68.6	9215
7.37	68.6	9220
7.38	68.7	9225
7.39	68.7	9232
7.4	68.8	9236
7.41	68.8	9238
7.42	68.8	9244
7.43	68.8	9245
7.44	68.9	9252
7.45	68.9	9259
7.46	69.0	9263
7.47	69.1	9275
7.48	69.1	9281
7.49	69.1	9283
7.5	69.1	9287
7.51	69.2	9300
7.52	69.3	9303
7.53	69.3	9312
7.54	69.4	9325
7.55	69.5	9331
7.56	69.5	9333
7.57	69.5	9340
7.58	69.6	9345
7.59	69.7	9355
7.6	69.7	9357
7.61	69.7	9366
7.62	69.8	9371
7.63	69.8	9375
7.64	69.8	9378
7.65	69.9	9386
7.66	69.9	9391
7.67	70.0	9396
7.68	70.0	9401
7.69	70.0	9406
7.7	70.1	9415
7.71	70.1	9421
7.72	70.2	9424
7.73	70.2	9427
7.74	70.2	9431
7.75	70.3	9437
7.76	70.3	9443
7.77	70.4	9450
7.78	70.4	9457
7.79	70.5	9463
7.8	70.5	9468
7.81	70.5	9474
7.82	70.6	9478
7.83	70.6	9484
7.84	70.6	9486
7.85	70.7	9493
7.86	70.7	9496
7.87	70.7	9502
7.88	70.8	9506
7.89	70.8	9514
7.9	70.9	9520
7.91	70.9	9526
7.92	71.0	9532
7.93	71.0	9536
7.94	71.1	9545
7.95	71.1	9552
7.96	71.1	9555
7.97	71.2	9559
7.98	71.2	9563
7.99	71.2	9566
8.0	71.3	9572
8.01	71.3	9577
8.02	71.3	9581
8.03	71.4	9587
8.04	71.4	9592
8.05	71.5	9598
8.06	71.5	9607
8.07	71.6	9614
8.08	71.6	9621
8.09	71.7	9626
8.1	71.7	9634
8.11	71.8	9638
8.12	71.8	9643
8.13	71.8	9648
8.14	71.9	9656
8.15	71.9	9663
8.16	72.0	9671
8.17	72.1	9681
8.18	72.1	9687
8.19	72.2	9691
8.2	72.2	9698
8.21	72.3	9707
8.22	72.3	9710
8.23	72.3	9713
8.24	72.4	9718
8.25	72.4	9722
8.26	72.4	9726
8.27	72.5	9732
8.28	72.5	9736
8.29	72.5	9737
8.3	72.5	9741
8.31	72.5	9743
8.32	72.6	9745
8.33	72.6	9751
8.34	72.6	9755
8.35	72.7	9761
8.36	72.7	9766
8.37	72.7	9770
8.38	72.8	9775
8.39	72.8	9778
8.4	72.9	9789
8.41	72.9	9795
8.42	73.0	9800
8.43	73.0	9801
8.44	73.0	9805
8.45	73.0	9810
8.46	73.1	9818
8.47	73.1	9824
8.48	73.2	9830
8.49	73.2	9838
8.5	73.3	9842
8.51	73.3	9848
8.52	73.4	9856
8.53	73.4	9865
8.54	73.5	9870
8.55	73.5	9876
8.56	73.5	9878
8.57	73.6	9881
8.58	73.6	9888
8.59	73.7	9892
8.6	73.7	9897
8.61	73.7	9899
8.62	73.7	9905
8.63	73.8	9909
8.64	73.8	9918
8.65	73.9	9925
8.66	73.9	9931
8.67	74.0	9936
8.68	74.0	9942
8.69	74.0	9943
8.7	74.1	9947
8.71	74.1	9953
8.72	74.1	9958
8.73	74.2	9964
8.74	74.2	9966
8.75	74.2	9969
8.76	74.2	9971
8.77	74.3	9973
8.78	74.3	9976
8.79	74.3	9983
8.8	74.4	9992
8.81	74.4	9998
8.82	74.5	10004
8.83	74.5	10012
8.84	74.6	10018
8.85	74.6	10024
8.86	74.7	10027
8.87	74.7	10030
8.88	74.7	10037
8.89	74.8	10048
8.9	74.9	10055
8.91	74.9	10058
8.92	74.9	10060
8.93	74.9	10066
8.94	75.0	10070
8.95	75.0	10076
8.96	75.1	10084
8.97	75.1	10087
8.99	75.1	10091
9.0	75.2	10101
9.01	75.2	10104
9.02	75.3	10109
9.03	75.3	10112
9.04	75.3	10119
9.05	75.4	10125
9.06	75.4	10131
9.07	75.5	10137
9.08	75.5	10138
9.09	75.5	10146
9.1	75.6	10148
9.11	75.6	10151
9.12	75.6	10156
9.13	75.7	10165
9.14	75.7	10166
9.15	75.7	10170
9.16	75.7	10171
9.17	75.7	10172
9.18	75.8	10177
9.19	75.8	10180
9.2	75.8	10183
9.21	75.8	10185
9.22	75.9	10188
9.23	75.9	10192
9.24	75.9	10197
9.25	76.0	10203
9.26	76.0	10206
9.27	76.0	10209
9.28	76.1	10215
9.29	76.1	10218
9.31	76.1	10221
9.32	76.1	10225
9.33	76.1	10227
9.34	76.2	10230
9.35	76.2	10233
9.36	76.2	10236
9.37	76.2	10238
9.38	76.2	10241
9.39	76.3	10245
9.4	76.3	10250
9.41	76.3	10253
9.42	76.4	10257
9.43	76.4	10260
9.44	76.4	10263
9.45	76.4	10266
9.46	76.5	10271
9.47	76.5	10276
9.48	76.5	10280
9.49	76.6	10282
9.5	76.6	10285
9.51	76.7	10295
9.52	76.7	10300
9.53	76.7	10305
9.54	76.8	10310
9.55	76.8	10318
9.56	76.9	10322
9.57	76.9	10326
9.58	76.9	10332
9.59	77.0	10338
9.6	77.0	10343
9.61	77.1	10349
9.62	77.1	10355
9.63	77.1	10357
9.65	77.1	10360
9.66	77.2	10367
9.67	77.2	10372
9.69	77.3	10378
9.7	77.3	10379
9.71	77.3	10383
9.72	77.3	10388
9.73	77.4	10391
9.74	77.4	10392
9.75	77.4	10396
9.77	77.4	10398
9.78	77.5	10405
9.79	77.5	10409
9.8	77.5	10410
9.81	77.5	10415
9.82	77.6	10422
9.83	77.6	10425
9.84	77.6	10429
9.85	77.7	10435
9.86	77.7	10437
9.87	77.8	10444
9.88	77.8	10448
9.89	77.8	10452
9.9	77.8	10456
9.91	77.9	10461
9.92	77.9	10463
9.93	77.9	10466
9.94	77.9	10468
9.95	78.0	10473
9.96	78.0	10475
9.97	78.0	10481
9.98	78.0	10482
9.99	78.1	10485
10.0	78.1	10489
10.01	78.1	10492
10.02	78.1	10494
10.03	78.2	10498
10.04	78.2	10503
10.05	78.2	10507
10.06	78.3	10512
10.07	78.3	10514
10.08	78.3	10520
10.09	78.4	10525
10.1	78.4	10531
10.11	78.4	10533
10.12	78.4	10534
10.13	78.5	10537
10.14	78.5	10542
10.15	78.5	10546
10.16	78.5	10547
10.17	78.5	10549
10.18	78.6	10553
10.19	78.6	10555
10.21	78.6	10563
10.22	78.7	10565
10.23	78.7	10569
10.24	78.7	10571
10.25	78.8	10579
10.26	78.8	10582
10.27	78.8	10584
10.28	78.8	10586
10.29	78.9	10591
10.3	78.9	10594
10.31	78.9	10598
10.33	78.9	10601
10.34	78.9	10602
10.35	79.0	10605
10.36	79.0	10610
10.37	79.0	10615
10.38	79.0	10617
10.39	79.1	10620
10.4	79.1	10623
10.41	79.1	10625
10.42	79.1	10627
10.43	79.1	10630
10.44	79.2	10633
10.45	79.2	10641
10.46	79.3	10645
10.47	79.3	10649
10.48	79.3	10652
10.49	79.3	10653
10.5	79.3	10656
10.51	79.4	10659
10.52	79.4	10660
10.53	79.4	10663
10.54	79.4	10665
10.55	79.4	10666
10.56	79.5	10671
10.57	79.5	10673
10.58	79.5	10678
10.59	79.5	10682
10.6	79.5	10683
10.61	79.6	10688
10.62	79.6	10691
10.63	79.6	10693
10.64	79.6	10697
10.65	79.7	10699
10.66	79.7	10703
10.67	79.7	10706
10.68	79.7	10710
10.69	79.7	10711
10.7	79.8	10715
10.71	79.8	10721
10.72	79.9	10725
10.73	79.9	10729
10.74	79.9	10732
10.75	79.9	10737
10.76	80.0	10740
10.77	80.0	10741
10.78	80.0	10742
10.79	80.0	10747
10.8	80.0	10750
10.81	80.1	10752
10.82	80.1	10757
10.83	80.1	10760
10.84	80.2	10765
10.85	80.2	10766
10.86	80.2	10767
10.87	80.2	10770
10.88	80.2	10771
10.89	80.2	10774
10.9	80.3	10779
10.91	80.3	10781
10.92	80.3	10786
10.93	80.3	10787
10.94	80.3	10789
10.96	80.4	10794
10.97	80.4	10797
10.98	80.4	10800
10.99	80.4	10802
11.0	80.4	10803
11.01	80.5	10808
11.02	80.5	10812
11.03	80.5	10816
11.04	80.5	10817
11.05	80.6	10820
11.06	80.6	10821
11.07	80.6	10824
11.08	80.6	10830
11.1	80.6	10832
11.11	80.7	10833
11.12	80.7	10834
11.13	80.7	10838
11.14	80.7	10840
11.15	80.7	10843
11.16	80.7	10844
11.17	80.8	10847
11.18	80.8	10849
11.19	80.8	10852
11.2	80.8	10854
11.21	80.8	10855
11.22	80.9	10859
11.23	80.9	10864
11.24	80.9	10867
11.25	80.9	10869
11.26	80.9	10871
11.27	81.0	10874
11.28	81.0	10878
11.29	81.0	10882
11.3	81.1	10886
11.31	81.1	10888
11.32	81.1	10891
11.33	81.1	10898
11.34	81.2	10901
11.35	81.2	10903
11.36	81.2	10908
11.38	81.2	10910
11.39	81.3	10913
11.4	81.3	10917
11.41	81.3	10922
11.42	81.4	10928
11.43	81.4	10929
11.44	81.4	10932
11.45	81.5	10940
11.46	81.5	10943
11.47	81.5	10944
11.48	81.5	10946
11.5	81.5	10948
11.51	81.5	10952
11.52	81.6	10955
11.53	81.6	10958
11.54	81.6	10960
11.55	81.6	10961
11.56	81.6	10962
11.57	81.6	10966
11.58	81.7	10971
11.59	81.7	10972
11.62	81.7	10974
11.63	81.7	10979
11.64	81.8	10981
11.65	81.8	10983
11.66	81.8	10987
11.68	81.8	10989
11.69	81.8	10990
11.7	81.9	10994
11.71	81.9	10998
11.72	81.9	11000
11.73	81.9	11004
11.74	82.0	11008
11.75	82.0	11011
11.76	82.0	11015
11.77	82.1	11024
11.8	82.1	11027
11.81	82.2	11034
11.82	82.2	11035
11.83	82.2	11039
11.84	82.2	11041
11.85	82.2	11043
11.86	82.3	11047
11.87	82.3	11052
11.88	82.3	11055
11.89	82.3	11060
11.91	82.4	11064
11.92	82.4	11067
11.93	82.4	11069
11.94	82.5	11076
11.95	82.5	11080
11.96	82.5	11083
11.97	82.5	11086
11.98	82.6	11090
11.99	82.6	11092
12.0	82.6	11096
12.01	82.6	11098
12.03	82.6	11099
12.04	82.7	11102
12.05	82.7	11106
12.06	82.7	11109
12.07	82.7	11112
12.08	82.7	11114
12.09	82.8	11116
12.1	82.8	11121
12.11	82.8	11124
12.12	82.9	11128
12.13	82.9	11133
12.14	82.9	11135
12.15	82.9	11136
12.16	82.9	11138
12.17	82.9	11140
12.18	83.0	11142
12.19	83.0	11143
12.2	83.0	11144
12.21	83.0	11145
12.22	83.0	11148
12.23	83.0	11152
12.24	83.0	11154
12.25	83.1	11156
12.26	83.1	11159
12.27	83.1	11160
12.28	83.1	11163
12.29	83.1	11166
12.3	83.1	11167
12.31	83.2	11172
12.32	83.2	11174
12.34	83.2	11179
12.35	83.3	11185
12.36	83.3	11188
12.37	83.3	11192
12.38	83.4	11195
12.39	83.4	11198
12.4	83.4	11203
12.41	83.4	11204
12.42	83.4	11206
12.43	83.4	11208
12.44	83.5	11210
12.45	83.5	11214
12.46	83.5	11218
12.47	83.5	11220
12.49	83.6	11222
12.5	83.6	11224
12.51	83.6	11226
12.52	83.6	11229
12.53	83.6	11231
12.54	83.7	11236
12.55	83.7	11238
12.56	83.7	11243
12.57	83.7	11244
12.58	83.7	11246
12.61	83.7	11248
12.63	83.8	11249
12.64	83.8	11252
12.66	83.8	11254
12.67	83.8	11257
12.68	83.8	11258
12.69	83.8	11259
12.7	83.8	11260
12.71	83.8	11261
12.72	83.9	11262
12.73	83.9	11264
12.74	83.9	11267
12.75	83.9	11268
12.76	83.9	11271
12.77	83.9	11273
12.78	83.9	11274
12.79	84.0	11277
12.8	84.0	11282
12.82	84.0	11283
12.83	84.0	11284
12.84	84.0	11286
12.85	84.1	11289
12.86	84.1	11293
12.87	84.1	11296
12.88	84.1	11300
12.89	84.1	11302
12.9	84.2	11305
12.91	84.2	11306
12.93	84.2	11309
12.94	84.2	11310
12.95	84.3	11317
12.96	84.3	11319
12.97	84.3	11323
12.99	84.3	11324
13.01	84.3	11325
13.02	84.3	11326
13.03	84.3	11328
13.04	84.4	11331
13.05	84.4	11336
13.06	84.4	11339
13.07	84.4	11340
13.08	84.4	11342
13.09	84.5	11345
13.1	84.5	11349
13.11	84.5	11350
13.12	84.5	11354
13.13	84.6	11358
13.14	84.6	11360
13.15	84.6	11362
13.16	84.6	11365
13.17	84.6	11368
13.18	84.7	11371
13.19	84.7	11373
13.2	84.7	11375
13.21	84.7	11378
13.22	84.7	11380
13.23	84.7	11381
13.24	84.8	11383
13.25	84.8	11385
13.27	84.8	11386
13.28	84.8	11387
13.29	84.8	11389
13.3	84.8	11392
13.31	84.8	11394
13.32	84.8	11395
13.33	84.9	11397
13.34	84.9	11400
13.35	84.9	11403
13.36	84.9	11404
13.38	84.9	11406
13.39	84.9	11408
13.4	84.9	11409
13.41	85.0	11410
13.42	85.0	11412
13.43	85.0	11413
13.44	85.0	11416
13.45	85.0	11418
13.47	85.0	11419
13.48	85.0	11420
13.49	85.0	11421
13.5	85.0	11423
13.51	85.1	11425
13.53	85.1	11427
13.54	85.1	11429
13.55	85.1	11431
13.56	85.1	11435
13.57	85.1	11436
13.58	85.2	11438
13.59	85.2	11439
13.6	85.2	11440
13.61	85.2	11443
13.62	85.2	11444
13.63	85.2	11447
13.64	85.2	11449
13.65	85.3	11451
13.66	85.3	11452
13.67	85.3	11453
13.68	85.3	11456
13.7	85.3	11459
13.72	85.3	11460
13.73	85.3	11463
13.74	85.4	11466
13.75	85.4	11468
13.76	85.4	11471
13.77	85.4	11474
13.78	85.4	11476
13.79	85.5	11481
13.8	85.5	11482
13.82	85.5	11485
13.83	85.5	11489
13.84	85.5	11490
13.87	85.6	11492
13.88	85.6	11495
13.89	85.6	11497
13.9	85.6	11499
13.91	85.6	11501
13.92	85.7	11505
13.94	85.7	11508
13.95	85.7	11511
13.97	85.7	11512
13.98	85.7	11516
13.99	85.8	11518
14.01	85.8	11521
14.02	85.8	11523
14.03	85.8	11525
14.04	85.8	11528
14.06	85.8	11529
14.08	85.8	11530
14.09	85.9	11535
14.1	85.9	11538
14.11	85.9	11540
14.12	85.9	11541
14.13	86.0	11545
14.14	86.0	11549
14.15	86.0	11550
14.16	86.0	11553
14.17	86.0	11555
14.18	86.0	11557
14.2	86.1	11560
14.22	86.1	11562
14.24	86.1	11568
14.25	86.1	11569
14.26	86.2	11573
14.27	86.2	11575
14.29	86.2	11577
14.3	86.2	11578
14.31	86.2	11581
14.34	86.2	11583
14.35	86.2	11584
14.36	86.3	11587
14.37	86.3	11589
14.38	86.3	11591
14.39	86.3	11593
14.41	86.3	11594
14.42	86.4	11598
14.43	86.4	11600
14.44	86.4	11602
14.45	86.4	11603
14.49	86.4	11608
14.5	86.4	11609
14.51	86.4	11611
14.52	86.5	11615
14.53	86.5	11617
14.54	86.5	11618
14.56	86.5	11620
14.57	86.5	11623
14.58	86.6	11625
14.59	86.6	11628
14.6	86.6	11630
14.65	86.6	11634
14.66	86.6	11635
14.67	86.6	11637
14.68	86.7	11640
14.69	86.7	11642
14.7	86.7	11643
14.71	86.7	11644
14.72	86.7	11645
14.73	86.7	11646
14.74	86.7	11648
14.75	86.7	11649
14.76	86.7	11650
14.77	86.8	11653
14.78	86.8	11655
14.79	86.8	11658
14.81	86.8	11659
14.82	86.8	11664
14.83	86.9	11667
14.84	86.9	11671
14.85	86.9	11672
14.86	86.9	11673
14.87	86.9	11675
14.88	86.9	11676
14.89	86.9	11677
14.9	87.0	11682
14.91	87.0	11684
14.92	87.0	11686
14.94	87.0	11687
14.95	87.0	11688
14.96	87.0	11690
14.97	87.0	11691
14.98	87.1	11695
15.0	87.1	11697
15.01	87.1	11698
15.02	87.1	11700
15.03	87.1	11704
15.04	87.1	11705
15.05	87.2	11706
15.06	87.2	11708
15.07	87.2	11710
15.09	87.2	11713
15.11	87.2	11715
15.12	87.2	11718
15.13	87.3	11719
15.14	87.3	11721
15.15	87.3	11722
15.17	87.3	11723
15.18	87.3	11727
15.21	87.3	11728
15.22	87.3	11729
15.24	87.4	11732
15.25	87.4	11733
15.26	87.4	11736
15.27	87.4	11741
15.28	87.4	11742
15.29	87.4	11744
15.3	87.5	11746
15.31	87.5	11748
15.33	87.5	11750
15.34	87.5	11751
15.35	87.5	11752
15.36	87.5	11753
15.4	87.5	11756
15.41	87.5	11758
15.42	87.6	11762
15.43	87.6	11763
15.45	87.6	11764
15.47	87.6	11765
15.48	87.6	11768
15.49	87.6	11770
15.51	87.7	11774
15.52	87.7	11775
15.53	87.7	11778
15.54	87.7	11780
15.55	87.7	11783
15.56	87.7	11784
15.57	87.8	11788
15.59	87.8	11790
15.6	87.8	11791
15.61	87.8	11792
15.62	87.8	11793
15.64	87.8	11795
15.65	87.8	11797
15.66	87.8	11798
15.67	87.9	11800
15.68	87.9	11802
15.69	87.9	11805
15.7	87.9	11806
15.71	87.9	11807
15.72	87.9	11808
15.74	87.9	11809
15.78	87.9	11812
15.8	88.0	11814
15.81	88.0	11817
15.83	88.0	11818
15.84	88.0	11822
15.85	88.0	11824
15.87	88.0	11825
15.89	88.1	11826
15.91	88.1	11829
15.93	88.1	11830
15.94	88.1	11831
15.95	88.1	11832
15.96	88.1	11834
15.97	88.1	11836
15.99	88.1	11837
16.0	88.1	11838
16.02	88.2	11840
16.03	88.2	11843
16.04	88.2	11844
16.05	88.2	11845
16.07	88.2	11848
16.08	88.2	11850
16.09	88.2	11852
16.1	88.3	11856
16.12	88.3	11857
16.13	88.3	11859
16.14	88.3	11861
16.15	88.3	11862
16.16	88.3	11864
16.17	88.3	11866
16.18	88.4	11867
16.2	88.4	11871
16.21	88.4	11874
16.22	88.4	11875
16.23	88.4	11876
16.25	88.4	11878
16.26	88.5	11881
16.27	88.5	11882
16.28	88.5	11883
16.29	88.5	11884
16.3	88.5	11888
16.31	88.5	11891
16.32	88.6	11897
16.33	88.6	11899
16.35	88.6	11902
16.36	88.6	11906
16.37	88.7	11909
16.38	88.7	11910
16.4	88.7	11913
16.41	88.7	11914
16.45	88.7	11916
16.46	88.7	11918
16.47	88.7	11919
16.48	88.7	11920
16.49	88.8	11921
16.5	88.8	11923
16.51	88.8	11924
16.53	88.8	11925
16.54	88.8	11927
16.58	88.8	11928
16.59	88.8	11929
16.6	88.8	11930
16.61	88.8	11931
16.63	88.8	11932
16.67	88.8	11933
16.69	88.9	11934
16.71	88.9	11935
16.72	88.9	11936
16.74	88.9	11937
16.75	88.9	11939
16.76	88.9	11941
16.77	88.9	11943
16.78	88.9	11944
16.8	88.9	11945
16.81	88.9	11946
16.82	89.0	11948
16.84	89.0	11949
16.85	89.0	11951
16.86	89.0	11955
16.88	89.0	11956
16.89	89.0	11957
16.9	89.0	11958
16.91	89.0	11959
16.92	89.1	11961
16.93	89.1	11964
16.94	89.1	11966
16.95	89.1	11970
16.97	89.1	11971
16.98	89.1	11972
16.99	89.1	11973
17.02	89.2	11975
17.04	89.2	11978
17.05	89.2	11979
17.07	89.2	11980
17.09	89.2	11981
17.1	89.2	11987
17.14	89.3	11988
17.15	89.3	11989
17.17	89.3	11993
17.18	89.3	11995
17.2	89.3	11996
17.21	89.3	11997
17.22	89.3	11998
17.25	89.3	11999
17.26	89.4	12001
17.27	89.4	12004
17.28	89.4	12008
17.29	89.4	12010
17.3	89.4	12011
17.31	89.4	12012
17.32	89.5	12016
17.33	89.5	12017
17.35	89.5	12019
17.36	89.5	12021
17.37	89.5	12022
17.39	89.5	12024
17.4	89.5	12025
17.41	89.5	12027
17.42	89.6	12028
17.43	89.6	12029
17.44	89.6	12030
17.45	89.6	12031
17.46	89.6	12033
17.47	89.6	12038
17.48	89.7	12041
17.49	89.7	12045
17.5	89.7	12046
17.51	89.7	12047
17.53	89.7	12049
17.54	89.7	12050
17.59	89.7	12051
17.61	89.7	12052
17.62	89.7	12053
17.64	89.8	12056
17.65	89.8	12057
17.66	89.8	12060
17.67	89.8	12061
17.7	89.8	12064
17.73	89.8	12066
17.74	89.8	12067
17.77	89.9	12068
17.78	89.9	12070
17.79	89.9	12071
17.8	89.9	12072
17.81	89.9	12073
17.82	89.9	12074
17.83	89.9	12075
17.85	89.9	12077
17.86	89.9	12078
17.87	89.9	12080
17.88	89.9	12081
17.91	90.0	12082
17.92	90.0	12083
17.93	90.0	12087
17.94	90.0	12089
17.96	90.0	12090
17.97	90.0	12092
17.98	90.0	12093
17.99	90.0	12094
18.0	90.1	12096
18.02	90.1	12097
18.03	90.1	12100
18.04	90.1	12101
18.05	90.1	12103
18.06	90.1	12104
18.07	90.1	12105
18.11	90.1	12106
18.13	90.1	12107
18.15	90.1	12108
18.16	90.2	12109
18.17	90.2	12111
18.19	90.2	12112
18.2	90.2	12114
18.23	90.2	12115
18.24	90.2	12117
18.28	90.2	12120
18.29	90.2	12121
18.3	90.3	12122
18.31	90.3	12124
18.32	90.3	12125
18.35	90.3	12126
18.37	90.3	12127
18.38	90.3	12128
18.39	90.3	12130
18.41	90.3	12131
18.42	90.3	12132
18.47	90.3	12133
18.5	90.3	12134
18.51	90.4	12135
18.52	90.4	12137
18.53	90.4	12138
18.54	90.4	12140
18.56	90.4	12141
18.57	90.4	12144
18.58	90.4	12145
18.61	90.5	12149
18.63	90.5	12151
18.64	90.5	12152
18.68	90.5	12154
18.69	90.5	12156
18.73	90.5	12157
18.77	90.5	12159
18.78	90.5	12161
18.79	90.6	12162
18.8	90.6	12164
18.81	90.6	12165
18.82	90.6	12167
18.83	90.6	12170
18.84	90.6	12171
18.86	90.6	12172
18.87	90.6	12175
18.89	90.7	12177
18.91	90.7	12179
18.94	90.7	12180
18.96	90.7	12181
18.98	90.7	12183
18.99	90.7	12184
19.02	90.7	12185
19.03	90.7	12186
19.05	90.8	12191
19.07	90.8	12193
19.08	90.8	12194
19.09	90.8	12195
19.1	90.8	12199
19.14	90.8	12201
19.17	90.8	12202
19.19	90.9	12203
19.2	90.9	12205
19.21	90.9	12207
19.23	90.9	12210
19.26	90.9	12211
19.27	90.9	12212
19.28	90.9	12214
19.29	90.9	12215
19.3	91.0	12216
19.31	91.0	12218
19.34	91.0	12219
19.35	91.0	12221
19.36	91.0	12222
19.37	91.0	12223
19.38	91.0	12224
19.43	91.0	12225
19.45	91.0	12226
19.47	91.1	12229
19.48	91.1	12230
19.51	91.1	12231
19.55	91.1	12233
19.56	91.1	12234
19.58	91.1	12235
19.59	91.1	12236
19.61	91.1	12237
19.62	91.1	12238
19.63	91.1	12239
19.64	91.1	12240
19.67	91.1	12241
19.69	91.2	12243
19.72	91.2	12244
19.74	91.2	12246
19.75	91.2	12248
19.76	91.2	12249
19.77	91.2	12250
19.8	91.2	12251
19.84	91.2	12252
19.85	91.2	12255
19.86	91.3	12256
19.92	91.3	12257
19.95	91.3	12259
19.97	91.3	12261
19.99	91.3	12262
20.0	91.3	12264
20.01	91.3	12265
20.05	91.3	12266
20.09	91.3	12268
20.1	91.3	12269
20.11	91.4	12271
20.12	91.4	12272
20.15	91.4	12274
20.17	91.4	12275
20.18	91.4	12276
20.2	91.4	12277
20.28	91.4	12278
20.31	91.4	12281
20.35	91.5	12283
20.36	91.5	12287
20.37	91.5	12288
20.4	91.5	12289
20.41	91.5	12290
20.45	91.5	12292
20.46	91.5	12293
20.48	91.5	12294
20.49	91.5	12295
20.52	91.5	12296
20.53	91.6	12297
20.57	91.6	12298
20.59	91.6	12299
20.6	91.6	12301
20.61	91.6	12302
20.62	91.6	12304
20.63	91.6	12305
20.64	91.6	12307
20.65	91.6	12308
20.67	91.6	12309
20.69	91.7	12311
20.7	91.7	12313
20.72	91.7	12314
20.73	91.7	12315
20.76	91.7	12316
20.77	91.7	12317
20.78	91.7	12319
20.79	91.7	12320
20.8	91.7	12321
20.81	91.7	12322
20.84	91.8	12323
20.87	91.8	12325
20.89	91.8	12326
20.91	91.8	12327
20.93	91.8	12328
20.95	91.8	12330
20.98	91.8	12331
21.01	91.8	12333
21.06	91.8	12336
21.1	91.9	12339
21.11	91.9	12340
21.13	91.9	12341
21.15	91.9	12342
21.16	91.9	12343
21.19	91.9	12345
21.2	91.9	12346
21.22	91.9	12349
21.23	92.0	12350
21.24	92.0	12352
21.26	92.0	12353
21.27	92.0	12354
21.28	92.0	12356
21.29	92.0	12357
21.35	92.0	12360
21.42	92.0	12362
21.43	92.0	12363
21.45	92.1	12365
21.48	92.1	12366
21.5	92.1	12368
21.51	92.1	12369
21.55	92.1	12371
21.57	92.1	12372
21.58	92.1	12373
21.6	92.1	12374
21.61	92.1	12375
21.62	92.1	12376
21.65	92.2	12377
21.67	92.2	12378
21.7	92.2	12379
21.71	92.2	12381
21.74	92.2	12382
21.77	92.2	12384
21.8	92.2	12385
21.84	92.2	12386
21.85	92.2	12387
21.87	92.2	12388
21.89	92.2	12389
21.92	92.3	12391
21.93	92.3	12392
21.94	92.3	12394
21.95	92.3	12395
21.96	92.3	12396
21.97	92.3	12397
22.02	92.3	12398
22.04	92.3	12399
22.07	92.3	12401
22.1	92.3	12402
22.13	92.3	12403
22.14	92.4	12404
22.16	92.4	12405
22.18	92.4	12406
22.19	92.4	12407
22.2	92.4	12408
22.22	92.4	12410
22.26	92.4	12412
22.29	92.4	12413
22.3	92.4	12414
22.35	92.4	12415
22.38	92.4	12416
22.39	92.5	12418
22.4	92.5	12419
22.41	92.5	12420
22.42	92.5	12422
22.46	92.5	12423
22.5	92.5	12424
22.52	92.5	12425
22.54	92.5	12426
22.6	92.5	12428
22.62	92.5	12429
22.63	92.5	12430
22.64	92.6	12431
22.67	92.6	12432
22.69	92.6	12435
22.72	92.6	12438
22.74	92.6	12439
22.75	92.6	12441
22.78	92.6	12443
22.79	92.7	12444
22.8	92.7	12445
22.82	92.7	12446
22.83	92.7	12447
22.93	92.7	12449
22.98	92.7	12450
22.99	92.7	12453
23.01	92.7	12454
23.05	92.7	12455
23.06	92.7	12457
23.07	92.8	12459
23.09	92.8	12461
23.11	92.8	12462
23.12	92.8	12464
23.13	92.8	12465
23.15	92.8	12467
23.16	92.8	12468
23.17	92.8	12470
23.21	92.9	12471
23.22	92.9	12472
23.27	92.9	12473
23.28	92.9	12475
23.3	92.9	12477
23.33	92.9	12478
23.36	92.9	12479
23.39	92.9	12481
23.46	92.9	12482
23.51	92.9	12483
23.55	93.0	12486
23.56	93.0	12487
23.61	93.0	12488
23.62	93.0	12489
23.64	93.0	12490
23.67	93.0	12492
23.72	93.0	12494
23.77	93.0	12495
23.78	93.0	12496
23.79	93.1	12498
23.8	93.1	12499
23.81	93.1	12500
23.92	93.1	12501
23.95	93.1	12504
23.96	93.1	12505
23.98	93.1	12506
23.99	93.1	12508
24.0	93.1	12510
24.02	93.2	12511
24.03	93.2	12512
24.05	93.2	12513
24.06	93.2	12514
24.07	93.2	12515
24.08	93.2	12516
24.11	93.2	12517
24.12	93.2	12518
24.14	93.2	12519
24.21	93.2	12521
24.25	93.2	12522
24.32	93.2	12523
24.35	93.2	12524
24.38	93.3	12525
24.39	93.3	12526
24.41	93.3	12527
24.43	93.3	12528
24.44	93.3	12529
24.45	93.3	12530
24.46	93.3	12531
24.49	93.3	12532
24.5	93.3	12533
24.51	93.3	12535
24.52	93.3	12536
24.53	93.3	12537
24.54	93.4	12540
24.56	93.4	12542
24.58	93.4	12543
24.62	93.4	12545
24.66	93.4	12546
24.67	93.4	12547
24.71	93.4	12548
24.72	93.4	12549
24.73	93.4	12550
24.77	93.4	12551
24.87	93.5	12552
24.92	93.5	12553
24.95	93.5	12554
24.96	93.5	12555
24.97	93.5	12557
25.01	93.5	12558
25.09	93.5	12560
25.1	93.5	12561
25.15	93.5	12562
25.16	93.5	12563
25.2	93.6	12565
25.23	93.6	12566
25.29	93.6	12567
25.32	93.6	12568
25.33	93.6	12571
25.35	93.6	12572
25.38	93.6	12573
25.4	93.6	12574
25.42	93.6	12575
25.48	93.6	12577
25.52	93.6	12578
25.54	93.7	12579
25.64	93.7	12580
25.65	93.7	12581
25.72	93.7	12582
25.73	93.7	12583
25.74	93.7	12584
25.75	93.7	12585
25.76	93.7	12586
25.78	93.7	12587
25.79	93.7	12588
25.88	93.7	12589
25.91	93.7	12590
25.93	93.7	12591
25.97	93.8	12592
25.98	93.8	12594
26.03	93.8	12595
26.04	93.8	12597
26.06	93.8	12598
26.11	93.8	12600
26.12	93.8	12602
26.15	93.8	12603
26.16	93.9	12605
26.17	93.9	12606
26.21	93.9	12608
26.26	93.9	12609
26.27	93.9	12610
26.28	93.9	12611
26.29	93.9	12613
26.32	93.9	12614
26.33	93.9	12615
26.35	93.9	12616
26.4	93.9	12617
26.43	93.9	12618
26.48	94.0	12619
26.49	94.0	12621
26.51	94.0	12622
26.61	94.0	12623
26.63	94.0	12625
26.67	94.0	12626
26.69	94.0	12628
26.71	94.0	12629
26.74	94.0	12630
26.76	94.0	12631
26.84	94.1	12632
26.85	94.1	12633
26.91	94.1	12634
26.92	94.1	12635
26.94	94.1	12637
27.01	94.1	12638
27.03	94.1	12643
27.04	94.1	12644
27.19	94.1	12645
27.24	94.2	12646
27.31	94.2	12649
27.34	94.2	12650
27.36	94.2	12651
27.37	94.2	12654
27.4	94.2	12655
27.44	94.2	12656
27.46	94.2	12657
27.51	94.2	12658
27.54	94.3	12659
27.55	94.3	12660
27.59	94.3	12662
27.6	94.3	12663
27.61	94.3	12665
27.63	94.3	12666
27.65	94.3	12667
27.68	94.3	12668
27.7	94.3	12669
27.71	94.3	12670
27.72	94.3	12671
27.73	94.3	12672
27.76	94.4	12673
27.77	94.4	12674
27.78	94.4	12676
27.83	94.4	12677
27.88	94.4	12679
27.89	94.4	12680
27.98	94.4	12682
28.02	94.4	12683
28.03	94.5	12686
28.06	94.5	12687
28.11	94.5	12689
28.17	94.5	12690
28.27	94.5	12691
28.34	94.5	12692
28.49	94.5	12693
28.5	94.5	12694
28.57	94.5	12695
28.62	94.5	12696
28.67	94.5	12697
28.75	94.5	12698
28.76	94.5	12699
28.8	94.6	12700
28.83	94.6	12701
28.88	94.6	12702
28.95	94.6	12703
28.99	94.6	12704
29.02	94.6	12705
29.03	94.6	12706
29.06	94.6	12707
29.1	94.6	12708
29.15	94.6	12709
29.2	94.6	12710
29.29	94.6	12711
29.33	94.7	12713
29.34	94.7	12714
29.35	94.7	12715
29.38	94.7	12716
29.42	94.7	12718
29.58	94.7	12719
29.6	94.7	12720
29.61	94.7	12721
29.62	94.7	12722
29.63	94.7	12723
29.65	94.7	12724
29.68	94.7	12725
29.69	94.8	12726
29.74	94.8	12728
29.75	94.8	12729
29.77	94.8	12730
29.82	94.8	12731
29.85	94.8	12735
29.87	94.8	12736
29.95	94.8	12738
29.97	94.9	12740
30.02	94.9	12741
30.2	94.9	12742
30.24	94.9	12743
30.26	94.9	12744
30.27	94.9	12745
30.31	94.9	12746
30.33	94.9	12747
30.38	94.9	12748
30.4	94.9	12749
30.43	94.9	12750
30.54	94.9	12752
30.57	95.0	12753
30.59	95.0	12754
30.61	95.0	12755
30.63	95.0	12757
30.67	95.0	12758
30.68	95.0	12759
30.7	95.0	12760
30.71	95.0	12761
30.75	95.0	12762
30.77	95.0	12763
30.81	95.0	12764
30.83	95.0	12765
30.87	95.0	12766
30.89	95.1	12767
30.93	95.1	12768
30.96	95.1	12769
31.01	95.1	12770
31.06	95.1	12771
31.11	95.1	12772
31.13	95.1	12776
31.17	95.1	12777
31.23	95.1	12778
31.25	95.2	12780
31.4	95.2	12781
31.52	95.2	12782
31.56	95.2	12783
31.58	95.2	12784
31.74	95.2	12786
31.77	95.2	12787
31.8	95.2	12788
31.82	95.2	12789
31.83	95.2	12790
31.84	95.2	12791
31.92	95.2	12792
31.98	95.2	12793
32.16	95.3	12794
32.19	95.3	12795
32.2	95.3	12796
32.22	95.3	12797
32.27	95.3	12798
32.33	95.3	12799
32.36	95.3	12800
32.4	95.3	12801
32.41	95.3	12802
32.45	95.3	12803
32.46	95.3	12804
32.51	95.3	12805
32.58	95.3	12806
32.6	95.4	12807
32.72	95.4	12808
32.76	95.4	12810
32.77	95.4	12811
32.79	95.4	12812
32.88	95.4	12813
32.89	95.4	12814
32.95	95.4	12815
33.01	95.4	12816
33.04	95.4	12817
33.09	95.4	12818
33.13	95.4	12819
33.16	95.5	12820
33.2	95.5	12822
33.24	95.5	12823
33.3	95.5	12824
33.34	95.5	12826
33.47	95.5	12827
33.62	95.5	12831
33.67	95.5	12832
33.73	95.5	12833
33.74	95.6	12834
33.76	95.6	12835
33.8	95.6	12836
33.9	95.6	12838
34.0	95.6	12839
34.16	95.6	12840
34.26	95.6	12841
34.27	95.6	12842
34.34	95.6	12843
34.35	95.6	12844
34.42	95.6	12845
34.54	95.6	12846
34.66	95.7	12847
34.69	95.7	12848
34.79	95.7	12849
34.85	95.7	12850
34.86	95.7	12851
34.89	95.7	12852
34.94	95.7	12853
35.0	95.7	12854
35.02	95.7	12855
35.03	95.7	12856
35.06	95.7	12857
35.09	95.7	12858
35.33	95.7	12859
35.35	95.7	12860
35.36	95.8	12861
35.46	95.8	12862
35.48	95.8	12863
35.5	95.8	12865
35.69	95.8	12866
35.72	95.8	12869
35.88	95.8	12870
36.01	95.8	12871
36.02	95.8	12872
36.04	95.9	12874
36.15	95.9	12875
36.26	95.9	12876
36.28	95.9	12877
36.33	95.9	12878
36.37	95.9	12880
36.45	95.9	12881
36.47	95.9	12882
36.51	95.9	12883
36.6	95.9	12884
36.66	95.9	12885
36.72	95.9	12886
36.73	95.9	12887
36.75	96.0	12888
36.79	96.0	12889
36.81	96.0	12890
36.88	96.0	12891
36.95	96.0	12892
37.0	96.0	12893
37.04	96.0	12894
37.12	96.0	12895
37.19	96.0	12896
37.21	96.0	12898
37.23	96.0	12899
37.31	96.0	12900
37.39	96.1	12902
37.44	96.1	12903
37.54	96.1	12904
37.56	96.1	12905
37.61	96.1	12906
37.85	96.1	12907
37.94	96.1	12908
38.05	96.1	12909
38.06	96.1	12910
38.1	96.1	12911
38.37	96.2	12914
38.47	96.2	12916
38.64	96.2	12917
38.68	96.2	12918
38.7	96.2	12919
38.81	96.2	12920
38.84	96.2	12921
38.86	96.2	12922
38.87	96.2	12923
38.97	96.2	12924
39.08	96.2	12925
39.11	96.2	12926
39.18	96.2	12927
39.33	96.3	12928
39.45	96.3	12929
39.48	96.3	12930
39.85	96.3	12931
39.96	96.3	12932
40.04	96.3	12933
40.31	96.3	12934
40.41	96.3	12936
40.44	96.3	12937
40.46	96.3	12938
40.55	96.3	12939
40.6	96.3	12940
40.73	96.4	12941
40.75	96.4	12942
40.82	96.4	12943
41.0	96.4	12944
41.08	96.4	12945
41.37	96.4	12946
41.45	96.4	12947
41.62	96.4	12948
41.67	96.4	12949
41.88	96.4	12950
41.97	96.4	12951
41.99	96.4	12952
42.11	96.4	12954
42.23	96.5	12955
42.44	96.5	12956
42.56	96.5	12958
42.73	96.5	12959
42.74	96.5	12961
42.79	96.5	12962
42.82	96.5	12963
42.83	96.5	12964
42.85	96.5	12965
43.01	96.5	12966
43.04	96.5	12967
43.05	96.6	12968
43.16	96.6	12969
43.48	96.6	12971
43.5	96.6	12972
43.57	96.6	12974
43.82	96.6	12975
43.96	96.6	12976
44.14	96.6	12977
44.19	96.6	12978
44.2	96.6	12980
44.42	96.6	12981
44.53	96.7	12982
44.55	96.7	12983
44.86	96.7	12984
44.91	96.7	12985
45.02	96.7	12986
45.08	96.7	12988
45.13	96.7	12989
45.2	96.7	12990
45.34	96.7	12991
45.36	96.7	12992
45.37	96.7	12993
45.46	96.8	12995
45.58	96.8	12996
45.62	96.8	12997
45.64	96.8	12998
45.74	96.8	12999
45.75	96.8	13000
45.77	96.8	13001
45.86	96.8	13002
46.17	96.8	13003
46.44	96.8	13004
46.52	96.8	13006
46.55	96.8	13007
46.59	96.9	13008
46.63	96.9	13009
46.69	96.9	13010
46.71	96.9	13011
46.73	96.9	13012
47.13	96.9	13013
47.3	96.9	13014
47.34	96.9	13015
47.57	96.9	13016
47.59	96.9	13017
47.79	96.9	13018
47.83	96.9	13019
48.1	96.9	13020
48.2	96.9	13021
48.63	97.0	13022
48.67	97.0	13023
48.69	97.0	13024
48.83	97.0	13025
48.85	97.0	13026
48.94	97.0	13027
48.96	97.0	13028
48.97	97.0	13029
49.03	97.0	13030
49.51	97.0	13031
49.54	97.0	13032
49.7	97.0	13033
49.8	97.0	13034
49.85	97.1	13035
50.05	97.1	13036
50.56	97.1	13037
51.08	97.1	13038
51.38	97.1	13039
51.45	97.1	13040
51.79	97.1	13041
51.85	97.1	13042
52.23	97.1	13043
52.7	97.1	13044
52.96	97.1	13045
52.97	97.1	13046
52.99	97.1	13047
53.25	97.1	13048
53.37	97.2	13049
53.57	97.2	13050
53.65	97.2	13051
53.85	97.2	13052
54.26	97.2	13053
54.31	97.2	13054
54.41	97.2	13055
54.67	97.2	13056
54.93	97.2	13057
54.96	97.2	13058
55.31	97.2	13059
55.38	97.2	13060
55.84	97.2	13061
56.0	97.3	13062
56.04	97.3	13063
56.18	97.3	13064
56.34	97.3	13066
57.39	97.3	13067
57.4	97.3	13068
57.44	97.3	13069
57.46	97.3	13070
57.56	97.3	13071
57.75	97.3	13072
58.4	97.3	13073
58.44	97.3	13074
58.56	97.3	13075
58.73	97.4	13076
59.09	97.4	13077
59.22	97.4	13078
59.27	97.4	13079
59.56	97.4	13080
59.6	97.4	13081
59.62	97.4	13082
59.75	97.4	13083
59.78	97.4	13084
59.86	97.4	13085
59.92	97.4	13086
60.28	97.4	13087
60.61	97.4	13088
60.64	97.5	13089
61.16	97.5	13090
61.17	97.5	13092
61.24	97.5	13093
61.3	97.5	13094
61.34	97.5	13095
61.43	97.5	13096
61.46	97.5	13097
61.57	97.5	13098
61.79	97.5	13099
61.87	97.5	13100
61.93	97.5	13101
62.39	97.6	13102
62.51	97.6	13103
62.83	97.6	13104
63.0	97.6	13105
63.08	97.6	13106
63.12	97.6	13107
63.91	97.6	13108
64.52	97.6	13110
65.05	97.6	13111
65.17	97.6	13112
65.32	97.6	13113
65.34	97.6	13114
65.42	97.6	13115
65.7	97.7	13116
66.29	97.7	13117
66.67	97.7	13119
66.88	97.7	13120
67.6	97.7	13121
67.69	97.7	13122
67.8	97.7	13124
68.6	97.7	13125
68.76	97.7	13126
69.43	97.7	13127
69.47	97.7	13128
69.57	97.8	13129
69.63	97.8	13130
69.81	97.8	13131
70.04	97.8	13132
70.18	97.8	13134
70.24	97.8	13135
70.27	97.8	13136
71.01	97.8	13137
71.18	97.8	13139
71.38	97.8	13140
71.44	97.8	13141
71.61	97.8	13142
71.69	97.9	13143
72.01	97.9	13144
72.08	97.9	13145
72.3	97.9	13146
72.74	97.9	13149
73.03	97.9	13150
73.18	97.9	13151
73.4	97.9	13153
73.55	97.9	13154
73.96	97.9	13155
74.08	98.0	13156
74.78	98.0	13157
74.88	98.0	13158
75.08	98.0	13159
75.48	98.0	13161
75.9	98.0	13162
76.56	98.0	13163
76.69	98.0	13164
76.84	98.0	13165
76.85	98.0	13166
77.1	98.0	13167
77.19	98.0	13168
77.68	98.0	13169
77.72	98.1	13170
77.74	98.1	13171
77.89	98.1	13172
78.24	98.1	13173
78.26	98.1	13174
78.44	98.1	13175
78.97	98.1	13176
80.1	98.1	13178
80.28	98.1	13179
80.3	98.1	13180
80.33	98.1	13181
80.99	98.1	13182
81.39	98.2	13183
81.44	98.2	13184
81.95	98.2	13185
82.47	98.2	13186
82.6	98.2	13187
82.86	98.2	13188
83.09	98.2	13189
84.43	98.2	13190
85.13	98.2	13191
85.24	98.2	13192
86.03	98.2	13193
86.51	98.2	13194
86.53	98.2	13195
88.37	98.3	13196
88.41	98.3	13197
89.58	98.3	13198
89.75	98.3	13199
90.71	98.3	13200
90.92	98.3	13201
92.52	98.3	13202
93.03	98.3	13203
93.29	98.3	13204
93.44	98.3	13205
93.95	98.3	13206
95.1	98.3	13207
95.25	98.3	13208
96.13	98.3	13209
96.3	98.4	13210
96.87	98.4	13211
97.28	98.4	13212
97.57	98.4	13213
100.25	98.4	13214
101.12	98.4	13215
101.32	98.4	13216
102.02	98.4	13217
102.58	98.4	13218
103.0	98.4	13219
104.36	98.4	13220
105.28	98.4	13221
105.43	98.4	13222
107.56	98.5	13223
108.12	98.5	13224
109.28	98.5	13225
109.6	98.5	13227
110.1	98.5	13229
110.76	98.5	13230
111.42	98.5	13231
111.9	98.5	13232
113.49	98.5	13233
115.05	98.5	13234
115.34	98.5	13235
116.08	98.5	13236
118.95	98.6	13237
123.41	98.6	13238
125.7	98.6	13239
125.74	98.6	13240
126.44	98.6	13241
129.19	98.6	13242
130.31	98.6	13243
130.8	98.6	13244
130.82	98.6	13245
132.04	98.6	13246
133.18	98.6	13247
133.6	98.6	13248
134.67	98.6	13249
135.61	98.7	13250
135.77	98.7	13251
136.38	98.7	13252
138.21	98.7	13253
138.82	98.7	13254
139.64	98.7	13255
140.37	98.7	13256
141.61	98.7	13257
144.16	98.7	13258
145.96	98.7	13259
146.4	98.7	13260
146.81	98.7	13261
147.04	98.7	13262
148.01	98.7	13263
148.38	98.8	13264
149.22	98.8	13265
149.64	98.8	13266
152.77	98.8	13267
153.02	98.8	13268
153.24	98.8	13269
154.34	98.8	13270
155.22	98.8	13271
157.12	98.8	13272
158.86	98.8	13273
159.01	98.8	13274
159.46	98.8	13275
160.75	98.8	13276
160.99	98.9	13277
164.4	98.9	13278
164.93	98.9	13279
165.31	98.9	13280
168.44	98.9	13281
170.44	98.9	13282
171.07	98.9	13283
171.78	98.9	13284
172.86	98.9	13285
174.7	98.9	13286
176.03	98.9	13287
179.14	98.9	13288
180.41	98.9	13289
182.76	99.0	13290
183.06	99.0	13291
183.44	99.0	13292
184.23	99.0	13293
185.64	99.0	13294
189.08	99.0	13295
191.52	99.0	13296
194.6	99.0	13297
206.0	99.0	13298
215.38	99.0	13299
217.59	99.0	13300
218.21	99.0	13301
220.21	99.0	13302
222.15	99.0	13303
226.05	99.1	13304
228.03	99.1	13305
228.36	99.1	13306
233.74	99.1	13307
237.7	99.1	13308
238.52	99.1	13309
240.34	99.1	13310
240.59	99.1	13311
241.46	99.1	13312
244.93	99.1	13313
247.1	99.1	13314
249.86	99.1	13315
255.35	99.1	13316
258.74	99.2	13317
259.35	99.2	13318
281.83	99.2	13319
287.85	99.2	13320
288.11	99.2	13321
290.83	99.2	13322
293.43	99.2	13323
296.33	99.2	13324
296.62	99.2	13325
297.43	99.2	13326
299.51	99.2	13327
300.04	99.2	13328
304.8	99.2	13329
315.77	99.2	13330
323.36	99.3	13331
326.57	99.3	13332
328.28	99.3	13333
331.03	99.3	13334
337.01	99.3	13335
343.32	99.3	13336
351.29	99.3	13337
359.59	99.3	13338
368.4	99.3	13339
370.91	99.3	13340
373.22	99.3	13341
374.44	99.3	13342
380.51	99.3	13343
391.23	99.4	13344
392.9	99.4	13345
393.19	99.4	13346
403.52	99.4	13347
403.63	99.4	13348
404.5	99.4	13349
415.63	99.4	13350
421.1	99.4	13351
424.29	99.4	13352
428.62	99.4	13353
440.87	99.4	13354
450.13	99.4	13355
474.19	99.4	13356
479.64	99.4	13357
487.86	99.5	13358
490.22	99.5	13359
490.62	99.5	13360
525.32	99.5	13361
546.15	99.5	13362
561.97	99.5	13364
589.03	99.5	13365
590.71	99.5	13366
606.13	99.5	13367
615.46	99.5	13368
618.43	99.5	13369
624.35	99.5	13370
647.14	99.6	13371
655.71	99.6	13372
742.95	99.6	13373
767.22	99.6	13374
833.43	99.6	13375
849.02	99.6	13376
849.47	99.6	13377
941.29	99.6	13378
977.11	99.6	13379
1066.79	99.6	13380
1217.99	99.6	13381
1251.36	99.6	13382
1283.17	99.6	13383
1303.53	99.7	13384
1353.1	99.7	13385
1382.76	99.7	13386
1394.11	99.7	13387
1479.17	99.7	13388
1571.27	99.7	13389
1699.07	99.7	13390
1819.38	99.7	13391
1855.3	99.7	13392
1892.66	99.7	13393
1954.12	99.7	13394
2150.73	99.7	13395
2182.08	99.7	13396
2295.49	99.7	13397
2571.74	99.8	13398
3055.92	99.8	13399
3276.26	99.8	13400
3581.14	99.8	13401
3781.28	99.8	13402
4203.89	99.8	13403
4427.2	99.8	13404
5079.56	99.8	13405
5102.06	99.8	13406
5119.28	99.8	13407
5183.72	99.8	13408
5514.03	99.8	13409
5588.91	99.8	13410
5758.27	99.9	13411
6551.51	99.9	13412
6841.4	99.9	13413
6871.05	99.9	13414
7300.88	99.9	13415
7594.13	99.9	13416
7600.37	99.9	13417
7805.81	99.9	13418
8579.21	99.9	13419
8907.74	99.9	13420
10881.9	99.9	13421
12001.44	99.9	13422
12239.56	99.9	13423
12587.72	99.9	13424
12589.75	100.0	13425
13070.53	100.0	13426
16847.09	100.0	13427
18726.88	100.0	13428
19306.66	100.0	13429
26640.51	100.0	13430
41762.59	100.0	13431
