+loci	sumCoverage
0	11173
1	20400
2	24523
3	35671
4	25247
5	13477
6	18830
7	18829
8	13539
9	8028
10	6640
11	5039
12	5052
13	4681
14	6178
15	7872
16	9082
17	5535
18	4183
19	4777
20	4533
21	3972
22	5026
23	5293
24	6449
25	8962
26	9361
27	7360
28	7274
29	9870
30	9205
31	7678
32	8287
33	7557
34	6857
35	6306
36	5162
37	5518
38	5532
39	5554
40	4837
41	6481
42	6824
43	5939
44	6744
45	7929
46	9029
47	7043
48	6485
49	5415
50	6073
51	7739
52	12159
53	23511
54	24406
55	21429
56	9922
57	11327
58	10870
59	10242
60	11550
61	11937
62	12094
63	11420
64	10657
65	15697
66	28395
67	34587
68	15980
69	15497
70	47527
71	33697
72	19140
73	18468
74	25789
75	23351
76	16696
77	14348
78	18736
79	27775
80	23159
81	16048
82	14766
83	17993
84	21488
85	19426
86	83050
87	96635
88	32833
89	18810
90	17678
91	16603
92	33283
93	53316
94	49467
95	34653
96	34437
97	24441
98	18242
99	12143
