+RPKM	percent	accumulative_value
0	0.0	0
0.01	0.0	1
0.03	0.0	4
0.04	0.0	5
0.05	0.0	12
0.06	0.1	27
0.07	0.2	42
0.08	0.2	63
0.09	0.4	93
0.1	0.5	126
0.11	0.7	179
0.12	0.9	232
0.13	1.1	276
0.14	1.3	326
0.15	1.5	393
0.16	1.8	468
0.17	2.1	530
0.18	2.4	609
0.19	2.6	674
0.2	2.9	747
0.21	3.3	838
0.22	3.7	933
0.23	4.0	1014
0.24	4.3	1104
0.25	4.7	1199
0.26	5.1	1309
0.27	5.5	1406
0.28	5.9	1510
0.29	6.4	1617
0.3	6.8	1728
0.31	7.2	1834
0.32	7.7	1947
0.33	8.1	2057
0.34	8.5	2175
0.35	9.0	2281
0.36	9.5	2409
0.37	10.0	2534
0.38	10.4	2646
0.39	10.9	2764
0.4	11.3	2880
0.41	11.8	3005
0.42	12.3	3124
0.43	12.8	3251
0.44	13.2	3357
0.45	13.7	3482
0.46	14.2	3620
0.47	14.6	3724
0.48	15.0	3828
0.49	15.5	3935
0.5	15.8	4028
0.51	16.3	4138
0.52	16.7	4237
0.53	17.1	4342
0.54	17.5	4446
0.55	17.9	4549
0.56	18.3	4651
0.57	18.7	4763
0.58	19.2	4873
0.59	19.5	4968
0.6	20.0	5090
0.61	20.5	5220
0.62	20.9	5320
0.63	21.3	5412
0.64	21.6	5503
0.65	22.0	5605
0.66	22.4	5703
0.67	22.8	5809
0.68	23.2	5903
0.69	23.7	6030
0.7	24.1	6134
0.71	24.5	6225
0.72	24.9	6331
0.73	25.2	6423
0.74	25.6	6516
0.75	26.0	6625
0.76	26.4	6707
0.77	26.7	6800
0.78	27.1	6888
0.79	27.5	6986
0.8	27.8	7074
0.81	28.1	7152
0.82	28.5	7245
0.83	28.8	7323
0.84	29.1	7400
0.85	29.4	7483
0.86	29.7	7548
0.87	30.1	7662
0.88	30.4	7742
0.89	30.7	7817
0.9	31.0	7887
0.91	31.3	7964
0.92	31.6	8034
0.93	31.9	8121
0.94	32.2	8194
0.95	32.6	8283
0.96	32.9	8363
0.97	33.2	8443
0.98	33.5	8527
0.99	33.8	8597
1.0	34.0	8661
1.01	34.4	8750
1.02	34.7	8826
1.03	35.0	8896
1.04	35.3	8973
1.05	35.5	9043
1.06	35.8	9097
1.07	36.0	9150
1.08	36.2	9222
1.09	36.5	9287
1.1	36.8	9361
1.11	37.1	9431
1.12	37.4	9503
1.13	37.6	9570
1.14	37.9	9636
1.15	38.1	9704
1.16	38.4	9777
1.17	38.7	9846
1.18	38.9	9909
1.19	39.2	9977
1.2	39.5	10056
1.21	39.8	10125
1.22	40.1	10201
1.23	40.4	10279
1.24	40.7	10367
1.25	41.0	10430
1.26	41.2	10484
1.27	41.4	10538
1.28	41.6	10589
1.29	41.9	10654
1.3	42.2	10725
1.31	42.4	10784
1.32	42.6	10832
1.33	42.8	10879
1.34	43.0	10938
1.35	43.2	10995
1.36	43.4	11053
1.37	43.7	11114
1.38	43.9	11174
1.39	44.1	11230
1.4	44.3	11283
1.41	44.6	11342
1.42	44.8	11390
1.43	45.0	11451
1.44	45.2	11507
1.45	45.5	11577
1.46	45.7	11624
1.47	46.0	11694
1.48	46.2	11752
1.49	46.4	11795
1.5	46.6	11852
1.51	46.8	11905
1.52	47.0	11958
1.53	47.2	12000
1.54	47.3	12033
1.55	47.5	12083
1.56	47.7	12137
1.57	47.9	12178
1.58	48.1	12231
1.59	48.3	12281
1.6	48.5	12340
1.61	48.7	12392
1.62	48.9	12429
1.63	49.0	12478
1.64	49.2	12518
1.65	49.4	12564
1.66	49.6	12617
1.67	49.8	12658
1.68	49.9	12696
1.69	50.1	12739
1.7	50.2	12782
1.71	50.4	12828
1.72	50.6	12870
1.73	50.7	12910
1.74	50.9	12946
1.75	51.1	12996
1.76	51.2	13026
1.77	51.4	13072
1.78	51.5	13111
1.79	51.7	13153
1.8	51.8	13190
1.81	52.0	13233
1.82	52.2	13278
1.83	52.3	13311
1.84	52.5	13352
1.85	52.7	13401
1.86	52.8	13437
1.87	52.9	13472
1.88	53.1	13520
1.89	53.3	13556
1.9	53.5	13600
1.91	53.6	13633
1.92	53.7	13674
1.93	53.9	13717
1.94	54.0	13751
1.95	54.2	13789
1.96	54.4	13831
1.97	54.5	13861
1.98	54.6	13902
1.99	54.8	13947
2.0	54.9	13980
2.01	55.1	14019
2.02	55.3	14066
2.03	55.4	14100
2.04	55.5	14133
2.05	55.7	14167
2.06	55.8	14207
2.07	56.0	14258
2.08	56.2	14302
2.09	56.3	14336
2.1	56.5	14364
2.11	56.6	14402
2.12	56.7	14438
2.13	56.9	14473
2.14	57.0	14499
2.15	57.1	14529
2.16	57.2	14560
2.17	57.3	14591
2.18	57.5	14619
2.19	57.6	14650
2.2	57.7	14684
2.21	57.9	14719
2.22	58.0	14765
2.23	58.2	14797
2.24	58.3	14827
2.25	58.4	14863
2.26	58.5	14895
2.27	58.7	14923
2.28	58.8	14956
2.29	59.0	15005
2.3	59.1	15046
2.31	59.3	15077
2.32	59.3	15100
2.33	59.5	15145
2.34	59.7	15177
2.35	59.8	15203
2.36	59.9	15238
2.37	60.0	15275
2.38	60.1	15296
2.39	60.3	15331
2.4	60.4	15363
2.41	60.5	15388
2.42	60.6	15424
2.43	60.8	15461
2.44	60.9	15496
2.45	61.0	15524
2.46	61.1	15555
2.47	61.2	15580
2.48	61.4	15613
2.49	61.5	15646
2.5	61.6	15680
2.51	61.8	15716
2.52	61.9	15747
2.53	62.0	15781
2.54	62.1	15810
2.55	62.2	15834
2.56	62.3	15858
2.57	62.4	15886
2.58	62.6	15917
2.59	62.7	15942
2.6	62.8	15975
2.61	62.9	15993
2.62	63.0	16020
2.63	63.1	16042
2.64	63.1	16065
2.65	63.3	16093
2.66	63.3	16118
2.67	63.5	16147
2.68	63.6	16175
2.69	63.7	16195
2.7	63.7	16217
2.71	63.8	16240
2.72	63.9	16266
2.73	64.0	16287
2.74	64.1	16318
2.75	64.2	16337
2.76	64.3	16361
2.77	64.4	16393
2.78	64.5	16419
2.79	64.6	16446
2.8	64.7	16461
2.81	64.8	16478
2.82	64.8	16496
2.83	64.9	16521
2.84	65.0	16540
2.85	65.1	16563
2.86	65.2	16594
2.87	65.3	16616
2.88	65.4	16642
2.89	65.5	16665
2.9	65.6	16689
2.91	65.7	16721
2.92	65.8	16742
2.93	65.9	16767
2.94	66.0	16793
2.95	66.1	16810
2.96	66.2	16853
2.97	66.3	16881
2.98	66.4	16906
2.99	66.6	16935
3.0	66.6	16950
3.01	66.7	16975
3.02	66.8	17001
3.03	67.0	17035
3.04	67.0	17057
3.05	67.1	17083
3.06	67.2	17104
3.07	67.3	17123
3.08	67.4	17144
3.09	67.5	17165
3.1	67.6	17192
3.11	67.7	17215
3.12	67.7	17236
3.13	67.8	17263
3.14	67.9	17283
3.15	68.0	17309
3.16	68.1	17329
3.17	68.2	17350
3.18	68.3	17377
3.19	68.4	17401
3.2	68.5	17434
3.21	68.6	17459
3.22	68.7	17471
3.23	68.7	17489
3.24	68.8	17504
3.25	68.9	17520
3.26	68.9	17533
3.27	69.0	17550
3.28	69.1	17569
3.29	69.1	17591
3.3	69.2	17615
3.31	69.3	17633
3.32	69.4	17656
3.33	69.5	17682
3.34	69.6	17701
3.35	69.7	17728
3.36	69.7	17743
3.37	69.8	17765
3.38	69.9	17783
3.39	69.9	17795
3.4	70.0	17815
3.41	70.1	17833
3.42	70.2	17859
3.43	70.3	17880
3.44	70.4	17905
3.45	70.5	17929
3.46	70.5	17945
3.47	70.6	17968
3.48	70.7	17988
3.49	70.8	18012
3.5	70.9	18036
3.51	71.0	18052
3.52	71.0	18071
3.53	71.1	18093
3.54	71.2	18105
3.55	71.2	18123
3.56	71.3	18142
3.57	71.4	18161
3.58	71.5	18185
3.59	71.6	18205
3.6	71.6	18221
3.61	71.7	18236
3.62	71.7	18246
3.63	71.8	18259
3.64	71.8	18269
3.65	71.9	18294
3.66	71.9	18306
3.67	72.0	18321
3.68	72.1	18338
3.69	72.2	18359
3.7	72.2	18377
3.71	72.3	18398
3.72	72.4	18415
3.73	72.5	18436
3.74	72.5	18450
3.75	72.6	18459
3.76	72.6	18473
3.77	72.7	18490
3.78	72.7	18501
3.79	72.8	18517
3.8	72.9	18546
3.81	73.0	18564
3.82	73.0	18581
3.83	73.1	18594
3.84	73.1	18606
3.85	73.2	18623
3.86	73.3	18646
3.87	73.3	18658
3.88	73.4	18670
3.89	73.4	18679
3.9	73.5	18695
3.91	73.6	18714
3.92	73.6	18728
3.93	73.7	18747
3.94	73.7	18756
3.95	73.8	18778
3.96	73.9	18790
3.97	73.9	18802
3.98	74.0	18830
3.99	74.1	18844
4.0	74.1	18863
4.01	74.2	18873
4.02	74.3	18895
4.03	74.3	18906
4.04	74.4	18921
4.05	74.4	18941
4.06	74.5	18961
4.07	74.6	18978
4.08	74.6	18992
4.09	74.7	19008
4.1	74.8	19026
4.11	74.8	19042
4.12	74.9	19052
4.13	74.9	19061
4.14	75.0	19076
4.15	75.0	19089
4.16	75.1	19103
4.17	75.1	19114
4.18	75.2	19129
4.19	75.3	19148
4.2	75.3	19160
4.21	75.4	19174
4.22	75.4	19190
4.23	75.5	19202
4.24	75.5	19217
4.25	75.6	19228
4.26	75.6	19243
4.27	75.7	19258
4.28	75.7	19273
4.29	75.8	19292
4.3	75.9	19301
4.31	75.9	19314
4.32	76.0	19331
4.33	76.0	19344
4.34	76.1	19357
4.35	76.2	19375
4.36	76.2	19389
4.37	76.3	19402
4.38	76.3	19418
4.39	76.4	19427
4.4	76.4	19439
4.41	76.5	19457
4.42	76.5	19470
4.43	76.6	19486
4.44	76.6	19497
4.45	76.7	19511
4.46	76.7	19522
4.47	76.8	19534
4.48	76.8	19541
4.49	76.8	19551
4.5	76.9	19564
4.51	76.9	19576
4.52	77.0	19591
4.53	77.0	19603
4.54	77.1	19619
4.55	77.2	19633
4.56	77.2	19646
4.57	77.3	19659
4.58	77.3	19671
4.59	77.4	19685
4.6	77.4	19692
4.61	77.4	19703
4.62	77.5	19721
4.63	77.5	19731
4.64	77.6	19746
4.65	77.7	19762
4.66	77.7	19773
4.67	77.8	19788
4.68	77.8	19804
4.69	77.9	19813
4.7	77.9	19826
4.71	78.0	19838
4.72	78.0	19850
4.73	78.1	19862
4.74	78.1	19871
4.75	78.2	19884
4.76	78.2	19899
4.77	78.3	19910
4.78	78.3	19920
4.79	78.3	19926
4.8	78.4	19942
4.81	78.4	19949
4.82	78.5	19961
4.83	78.5	19968
4.84	78.5	19974
4.85	78.6	19991
4.86	78.6	19997
4.87	78.6	20004
4.88	78.7	20012
4.89	78.7	20024
4.9	78.7	20035
4.91	78.8	20045
4.92	78.8	20060
4.93	78.9	20066
4.94	78.9	20084
4.95	79.0	20091
4.96	79.0	20098
4.97	79.0	20106
4.98	79.1	20113
4.99	79.1	20127
5.0	79.2	20140
5.01	79.2	20154
5.02	79.3	20168
5.03	79.3	20180
5.04	79.3	20188
5.05	79.4	20191
5.06	79.4	20202
5.07	79.4	20210
5.08	79.5	20217
5.09	79.5	20228
5.1	79.6	20240
5.11	79.6	20245
5.12	79.6	20251
5.13	79.6	20255
5.14	79.7	20267
5.15	79.7	20277
5.16	79.7	20283
5.17	79.7	20290
5.18	79.8	20309
5.19	79.8	20316
5.2	79.9	20321
5.21	79.9	20323
5.22	79.9	20333
5.23	80.0	20343
5.24	80.0	20354
5.25	80.0	20361
5.26	80.1	20378
5.27	80.1	20391
5.28	80.2	20398
5.29	80.2	20410
5.3	80.3	20424
5.31	80.3	20431
5.32	80.3	20442
5.33	80.4	20452
5.34	80.4	20464
5.35	80.5	20477
5.36	80.5	20490
5.37	80.6	20500
5.38	80.6	20508
5.39	80.6	20518
5.4	80.7	20529
5.41	80.7	20538
5.42	80.8	20548
5.43	80.8	20560
5.44	80.8	20565
5.45	80.8	20569
5.46	80.9	20585
5.47	81.0	20597
5.48	81.0	20605
5.49	81.0	20615
5.5	81.1	20626
5.51	81.1	20639
5.52	81.2	20649
5.53	81.2	20654
5.54	81.2	20666
5.55	81.3	20674
5.56	81.3	20685
5.57	81.3	20692
5.58	81.3	20696
5.59	81.4	20706
5.6	81.4	20717
5.61	81.5	20725
5.62	81.5	20734
5.63	81.5	20743
5.64	81.6	20752
5.65	81.6	20756
5.66	81.6	20761
5.67	81.6	20765
5.68	81.6	20770
5.69	81.7	20778
5.7	81.7	20790
5.71	81.8	20800
5.72	81.8	20806
5.73	81.8	20812
5.74	81.8	20816
5.75	81.9	20837
5.76	81.9	20846
5.77	82.0	20855
5.78	82.0	20860
5.79	82.0	20866
5.8	82.0	20874
5.81	82.1	20881
5.82	82.1	20888
5.83	82.1	20899
5.84	82.2	20910
5.85	82.2	20917
5.86	82.2	20926
5.87	82.3	20932
5.88	82.3	20943
5.89	82.4	20957
5.9	82.4	20969
5.91	82.5	20978
5.92	82.5	20985
5.93	82.5	20989
5.94	82.5	20995
5.95	82.6	21008
5.96	82.6	21021
5.97	82.7	21031
5.98	82.7	21043
5.99	82.7	21051
6.0	82.8	21060
6.01	82.8	21068
6.02	82.8	21075
6.03	82.9	21084
6.04	82.9	21091
6.05	82.9	21099
6.06	83.0	21105
6.07	83.0	21112
6.08	83.0	21126
6.09	83.1	21135
6.1	83.1	21149
6.11	83.2	21158
6.12	83.2	21162
6.13	83.2	21164
6.14	83.2	21172
6.15	83.2	21180
6.16	83.3	21193
6.17	83.3	21205
6.18	83.4	21216
6.19	83.4	21222
6.2	83.4	21227
6.21	83.5	21234
6.22	83.5	21245
6.23	83.5	21248
6.24	83.5	21257
6.25	83.6	21265
6.26	83.6	21273
6.27	83.6	21280
6.28	83.7	21288
6.29	83.7	21297
6.3	83.7	21301
6.31	83.7	21306
6.32	83.8	21310
6.33	83.8	21319
6.34	83.8	21327
6.35	83.8	21329
6.36	83.9	21335
6.37	83.9	21340
6.38	83.9	21352
6.39	84.0	21375
6.4	84.1	21388
6.41	84.1	21395
6.42	84.1	21400
6.43	84.1	21402
6.44	84.1	21408
6.45	84.2	21418
6.46	84.2	21426
6.47	84.2	21431
6.48	84.3	21442
6.49	84.3	21450
6.5	84.3	21459
6.51	84.4	21472
6.52	84.4	21481
6.53	84.5	21489
6.54	84.5	21499
6.55	84.5	21504
6.56	84.6	21513
6.57	84.6	21523
6.58	84.6	21530
6.59	84.7	21538
6.6	84.7	21543
6.61	84.7	21552
6.62	84.7	21556
6.63	84.7	21560
6.64	84.8	21571
6.65	84.8	21577
6.66	84.8	21580
6.67	84.9	21592
6.68	84.9	21598
6.69	84.9	21601
6.7	84.9	21610
6.71	85.0	21616
6.72	85.0	21619
6.73	85.0	21626
6.74	85.0	21629
6.75	85.0	21634
6.76	85.1	21640
6.77	85.1	21647
6.78	85.1	21649
6.79	85.1	21659
6.8	85.2	21671
6.81	85.2	21676
6.82	85.2	21678
6.83	85.2	21684
6.84	85.3	21696
6.85	85.3	21704
6.86	85.3	21708
6.87	85.4	21720
6.88	85.4	21724
6.89	85.4	21731
6.9	85.4	21738
6.91	85.5	21751
6.92	85.5	21755
6.93	85.5	21763
6.94	85.6	21767
6.95	85.6	21773
6.96	85.6	21778
6.97	85.6	21786
6.98	85.7	21800
6.99	85.7	21810
7.0	85.7	21817
7.01	85.8	21821
7.02	85.8	21823
7.03	85.8	21828
7.04	85.8	21835
7.05	85.9	21845
7.06	85.9	21852
7.07	85.9	21859
7.08	85.9	21862
7.09	86.0	21871
7.1	86.0	21878
7.11	86.0	21882
7.12	86.0	21888
7.13	86.0	21893
7.14	86.1	21901
7.15	86.1	21908
7.16	86.1	21911
7.17	86.1	21915
7.18	86.1	21918
7.19	86.2	21922
7.2	86.2	21928
7.21	86.2	21936
7.22	86.2	21939
7.23	86.3	21946
7.24	86.3	21954
7.25	86.3	21959
7.26	86.3	21963
7.27	86.4	21972
7.28	86.4	21974
7.29	86.4	21977
7.3	86.4	21981
7.31	86.4	21985
7.32	86.4	21988
7.33	86.5	21997
7.34	86.5	22000
7.35	86.5	22008
7.36	86.5	22017
7.37	86.6	22025
7.38	86.6	22030
7.39	86.6	22036
7.4	86.7	22050
7.41	86.7	22054
7.42	86.7	22063
7.43	86.7	22068
7.44	86.8	22073
7.45	86.8	22079
7.46	86.8	22087
7.47	86.8	22091
7.48	86.9	22100
7.49	86.9	22102
7.5	86.9	22109
7.51	86.9	22114
7.52	86.9	22119
7.53	87.0	22127
7.54	87.0	22132
7.55	87.0	22138
7.56	87.0	22148
7.57	87.1	22160
7.58	87.1	22166
7.59	87.1	22171
7.6	87.2	22175
7.61	87.2	22179
7.62	87.2	22187
7.63	87.2	22195
7.64	87.2	22199
7.65	87.3	22205
7.66	87.3	22212
7.67	87.3	22214
7.68	87.3	22219
7.69	87.3	22223
7.7	87.4	22229
7.71	87.4	22236
7.72	87.4	22241
7.73	87.4	22245
7.74	87.5	22250
7.75	87.5	22253
7.76	87.5	22258
7.77	87.5	22262
7.78	87.5	22266
7.79	87.5	22271
7.8	87.5	22272
7.81	87.6	22277
7.82	87.6	22278
7.83	87.6	22284
7.84	87.6	22288
7.85	87.6	22290
7.86	87.6	22295
7.87	87.6	22296
7.88	87.7	22301
7.89	87.7	22307
7.9	87.7	22312
7.91	87.7	22316
7.92	87.7	22321
7.93	87.7	22326
7.94	87.8	22329
7.95	87.8	22336
7.96	87.8	22342
7.97	87.8	22348
7.98	87.8	22351
7.99	87.9	22360
8.0	87.9	22369
8.01	87.9	22373
8.02	87.9	22376
8.03	88.0	22383
8.04	88.0	22395
8.05	88.0	22402
8.06	88.1	22405
8.07	88.1	22412
8.08	88.1	22418
8.09	88.1	22422
8.11	88.1	22424
8.12	88.2	22430
8.13	88.2	22436
8.14	88.2	22442
8.15	88.2	22447
8.16	88.2	22451
8.17	88.3	22454
8.18	88.3	22459
8.19	88.3	22461
8.2	88.3	22464
8.21	88.3	22468
8.22	88.3	22472
8.23	88.3	22478
8.24	88.4	22488
8.25	88.4	22490
8.26	88.4	22494
8.27	88.4	22497
8.28	88.4	22499
8.29	88.5	22507
8.3	88.5	22510
8.31	88.5	22513
8.32	88.5	22518
8.33	88.5	22520
8.34	88.5	22523
8.35	88.5	22525
8.36	88.6	22531
8.37	88.6	22534
8.38	88.6	22538
8.39	88.6	22543
8.4	88.6	22547
8.41	88.6	22552
8.42	88.7	22557
8.43	88.7	22558
8.44	88.7	22564
8.45	88.7	22568
8.46	88.7	22572
8.47	88.7	22574
8.48	88.7	22579
8.49	88.8	22585
8.5	88.8	22589
8.51	88.8	22595
8.52	88.8	22597
8.53	88.8	22602
8.54	88.9	22609
8.55	88.9	22618
8.56	88.9	22625
8.57	88.9	22626
8.58	88.9	22631
8.59	89.0	22635
8.6	89.0	22639
8.61	89.0	22641
8.62	89.0	22651
8.63	89.0	22655
8.64	89.1	22659
8.65	89.1	22663
8.66	89.1	22671
8.67	89.1	22672
8.68	89.1	22675
8.69	89.1	22679
8.7	89.2	22684
8.71	89.2	22687
8.72	89.2	22690
8.73	89.2	22696
8.74	89.2	22705
8.75	89.3	22712
8.76	89.3	22718
8.77	89.3	22721
8.78	89.3	22725
8.79	89.3	22730
8.8	89.4	22734
8.81	89.4	22738
8.82	89.4	22743
8.83	89.4	22746
8.85	89.4	22749
8.86	89.4	22752
8.87	89.4	22758
8.88	89.5	22761
8.89	89.5	22764
8.9	89.5	22767
8.91	89.5	22774
8.92	89.5	22781
8.93	89.6	22786
8.94	89.6	22790
8.95	89.6	22793
8.96	89.6	22795
8.97	89.6	22797
8.98	89.6	22802
8.99	89.6	22807
9.0	89.7	22812
9.01	89.7	22813
9.02	89.7	22816
9.03	89.7	22822
9.04	89.7	22826
9.05	89.7	22828
9.06	89.7	22829
9.07	89.7	22833
9.08	89.8	22836
9.09	89.8	22841
9.1	89.8	22844
9.11	89.8	22847
9.12	89.8	22852
9.13	89.8	22853
9.14	89.8	22856
9.15	89.8	22860
9.16	89.9	22867
9.17	89.9	22872
9.18	89.9	22873
9.19	89.9	22879
9.2	89.9	22884
9.21	90.0	22886
9.22	90.0	22887
9.23	90.0	22893
9.24	90.0	22896
9.25	90.0	22901
9.26	90.0	22906
9.27	90.0	22909
9.28	90.1	22915
9.29	90.1	22921
9.3	90.1	22923
9.31	90.1	22925
9.32	90.1	22930
9.33	90.1	22932
9.34	90.1	22934
9.35	90.2	22939
9.36	90.2	22942
9.37	90.2	22944
9.38	90.2	22947
9.39	90.2	22949
9.4	90.2	22952
9.41	90.2	22957
9.42	90.2	22959
9.43	90.3	22964
9.44	90.3	22967
9.45	90.3	22971
9.46	90.3	22972
9.47	90.3	22977
9.48	90.3	22979
9.49	90.3	22981
9.5	90.3	22985
9.51	90.4	22990
9.52	90.4	22994
9.53	90.4	22997
9.54	90.4	22998
9.55	90.4	23002
9.56	90.4	23008
9.57	90.4	23011
9.58	90.4	23013
9.59	90.5	23015
9.6	90.5	23019
9.61	90.5	23027
9.62	90.5	23032
9.63	90.5	23035
9.64	90.6	23040
9.65	90.6	23046
9.66	90.6	23050
9.67	90.6	23052
9.68	90.6	23055
9.69	90.6	23060
9.7	90.7	23065
9.71	90.7	23067
9.72	90.7	23073
9.73	90.7	23075
9.74	90.7	23077
9.75	90.7	23081
9.76	90.7	23084
9.77	90.7	23087
9.78	90.7	23088
9.79	90.8	23090
9.8	90.8	23095
9.82	90.8	23099
9.83	90.8	23102
9.84	90.8	23103
9.86	90.8	23105
9.87	90.8	23109
9.88	90.8	23114
9.89	90.9	23116
9.9	90.9	23119
9.91	90.9	23121
9.92	90.9	23125
9.93	90.9	23126
9.94	90.9	23132
9.95	90.9	23136
9.96	91.0	23143
9.97	91.0	23145
9.98	91.0	23149
9.99	91.0	23150
10.0	91.0	23153
10.01	91.0	23155
10.02	91.0	23162
10.03	91.0	23164
10.04	91.1	23167
10.06	91.1	23171
10.07	91.1	23175
10.08	91.1	23178
10.09	91.1	23180
10.1	91.1	23184
10.11	91.1	23187
10.12	91.1	23188
10.13	91.1	23191
10.14	91.2	23193
10.16	91.2	23197
10.17	91.2	23201
10.18	91.2	23206
10.19	91.2	23211
10.2	91.2	23215
10.21	91.3	23220
10.22	91.3	23221
10.23	91.3	23224
10.24	91.3	23226
10.26	91.3	23229
10.27	91.3	23230
10.28	91.3	23232
10.29	91.3	23234
10.3	91.3	23235
10.31	91.3	23236
10.32	91.3	23237
10.33	91.3	23238
10.34	91.3	23239
10.35	91.3	23241
10.36	91.4	23245
10.38	91.4	23249
10.39	91.4	23253
10.4	91.4	23256
10.42	91.4	23258
10.43	91.4	23261
10.44	91.4	23263
10.45	91.4	23265
10.46	91.4	23266
10.47	91.5	23269
10.48	91.5	23271
10.5	91.5	23272
10.51	91.5	23275
10.52	91.5	23280
10.53	91.5	23282
10.54	91.5	23285
10.55	91.5	23288
10.56	91.5	23292
10.57	91.6	23296
10.58	91.6	23299
10.59	91.6	23303
10.6	91.6	23305
10.61	91.6	23306
10.62	91.6	23307
10.63	91.6	23310
10.64	91.6	23313
10.65	91.6	23314
10.66	91.6	23315
10.67	91.6	23318
10.68	91.7	23321
10.69	91.7	23322
10.7	91.7	23327
10.71	91.7	23331
10.72	91.7	23332
10.73	91.7	23338
10.74	91.7	23341
10.75	91.7	23343
10.76	91.8	23347
10.77	91.8	23349
10.8	91.8	23350
10.81	91.8	23355
10.82	91.8	23356
10.83	91.8	23357
10.84	91.8	23360
10.85	91.8	23363
10.86	91.8	23365
10.87	91.8	23366
10.88	91.9	23370
10.89	91.9	23372
10.9	91.9	23376
10.91	91.9	23379
10.92	91.9	23380
10.93	91.9	23382
10.94	91.9	23384
10.95	91.9	23386
10.96	91.9	23390
10.97	91.9	23391
10.98	91.9	23393
10.99	92.0	23397
11.0	92.0	23399
11.02	92.0	23403
11.03	92.0	23407
11.04	92.0	23409
11.05	92.0	23412
11.06	92.0	23414
11.07	92.0	23418
11.08	92.0	23419
11.09	92.1	23424
11.11	92.1	23426
11.12	92.1	23430
11.13	92.1	23433
11.14	92.1	23436
11.15	92.1	23441
11.16	92.1	23442
11.17	92.1	23443
11.18	92.1	23445
11.19	92.2	23448
11.2	92.2	23451
11.21	92.2	23454
11.22	92.2	23455
11.23	92.2	23460
11.24	92.2	23462
11.25	92.2	23464
11.26	92.2	23466
11.27	92.2	23468
11.29	92.2	23471
11.3	92.3	23472
11.32	92.3	23476
11.33	92.3	23479
11.34	92.3	23484
11.36	92.3	23487
11.37	92.3	23490
11.38	92.3	23493
11.39	92.3	23496
11.4	92.4	23499
11.41	92.4	23501
11.42	92.4	23502
11.43	92.4	23505
11.45	92.4	23508
11.46	92.4	23509
11.48	92.4	23511
11.49	92.4	23516
11.5	92.4	23517
11.51	92.4	23522
11.52	92.5	23524
11.53	92.5	23528
11.54	92.5	23533
11.55	92.5	23535
11.56	92.5	23537
11.57	92.5	23541
11.58	92.5	23544
11.59	92.5	23546
11.6	92.5	23547
11.61	92.6	23550
11.62	92.6	23552
11.63	92.6	23554
11.64	92.6	23555
11.65	92.6	23560
11.66	92.6	23563
11.67	92.6	23567
11.68	92.6	23570
11.69	92.7	23573
11.7	92.7	23575
11.71	92.7	23580
11.72	92.7	23581
11.73	92.7	23583
11.74	92.7	23585
11.75	92.7	23587
11.76	92.7	23590
11.77	92.7	23592
11.78	92.7	23596
11.79	92.8	23600
11.8	92.8	23605
11.81	92.8	23607
11.82	92.8	23608
11.83	92.8	23610
11.84	92.8	23611
11.85	92.8	23612
11.86	92.8	23614
11.87	92.8	23617
11.88	92.8	23618
11.89	92.8	23621
11.91	92.8	23623
11.93	92.9	23624
11.94	92.9	23625
11.96	92.9	23626
11.98	92.9	23627
11.99	92.9	23631
12.0	92.9	23634
12.01	92.9	23636
12.03	92.9	23639
12.04	92.9	23641
12.05	92.9	23642
12.06	92.9	23643
12.07	92.9	23644
12.08	92.9	23646
12.09	92.9	23647
12.1	93.0	23650
12.11	93.0	23655
12.12	93.0	23660
12.13	93.0	23665
12.14	93.0	23668
12.15	93.0	23669
12.16	93.0	23671
12.18	93.0	23673
12.19	93.1	23676
12.2	93.1	23680
12.21	93.1	23684
12.22	93.1	23686
12.23	93.1	23688
12.25	93.1	23692
12.26	93.1	23693
12.27	93.1	23697
12.29	93.2	23701
12.3	93.2	23706
12.31	93.2	23707
12.32	93.2	23709
12.34	93.2	23711
12.35	93.2	23713
12.37	93.2	23714
12.38	93.2	23716
12.39	93.2	23719
12.4	93.2	23721
12.41	93.2	23723
12.43	93.2	23725
12.44	93.3	23728
12.45	93.3	23730
12.46	93.3	23732
12.47	93.3	23735
12.48	93.3	23737
12.5	93.3	23741
12.51	93.3	23744
12.52	93.3	23745
12.53	93.3	23746
12.54	93.3	23748
12.55	93.3	23751
12.56	93.4	23754
12.57	93.4	23756
12.58	93.4	23759
12.59	93.4	23763
12.6	93.4	23764
12.61	93.4	23766
12.62	93.4	23768
12.63	93.4	23770
12.65	93.4	23772
12.66	93.4	23774
12.67	93.4	23775
12.68	93.4	23776
12.69	93.5	23779
12.7	93.5	23781
12.71	93.5	23784
12.72	93.5	23786
12.74	93.5	23787
12.75	93.5	23791
12.76	93.5	23792
12.78	93.5	23794
12.8	93.5	23795
12.81	93.5	23798
12.85	93.5	23800
12.86	93.5	23801
12.87	93.6	23804
12.88	93.6	23806
12.89	93.6	23810
12.91	93.6	23811
12.92	93.6	23814
12.93	93.6	23815
12.94	93.6	23816
12.96	93.6	23819
12.97	93.6	23821
12.98	93.6	23823
12.99	93.6	23826
13.01	93.7	23829
13.02	93.7	23831
13.03	93.7	23836
13.04	93.7	23839
13.05	93.7	23840
13.06	93.7	23842
13.07	93.7	23844
13.09	93.7	23847
13.1	93.7	23849
13.11	93.7	23850
13.12	93.7	23852
13.13	93.8	23853
13.15	93.8	23855
13.16	93.8	23856
13.18	93.8	23860
13.19	93.8	23861
13.2	93.8	23866
13.22	93.8	23868
13.23	93.8	23870
13.27	93.8	23872
13.28	93.8	23875
13.29	93.8	23876
13.3	93.8	23878
13.31	93.9	23880
13.32	93.9	23881
13.33	93.9	23882
13.34	93.9	23885
13.36	93.9	23886
13.37	93.9	23888
13.38	93.9	23889
13.41	93.9	23891
13.43	93.9	23892
13.45	93.9	23894
13.47	93.9	23895
13.48	93.9	23897
13.5	93.9	23898
13.51	93.9	23900
13.52	93.9	23901
13.53	94.0	23905
13.54	94.0	23910
13.57	94.0	23913
13.58	94.0	23916
13.59	94.0	23918
13.6	94.0	23920
13.61	94.0	23923
13.62	94.0	23926
13.63	94.0	23928
13.64	94.0	23929
13.65	94.1	23931
13.66	94.1	23934
13.68	94.1	23936
13.7	94.1	23937
13.71	94.1	23938
13.72	94.1	23939
13.73	94.1	23940
13.75	94.1	23941
13.76	94.1	23942
13.77	94.1	23944
13.78	94.1	23946
13.79	94.1	23947
13.8	94.1	23948
13.81	94.1	23950
13.82	94.1	23952
13.83	94.1	23953
13.84	94.2	23956
13.85	94.2	23957
13.87	94.2	23958
13.9	94.2	23962
13.91	94.2	23965
13.92	94.2	23967
13.93	94.2	23969
13.94	94.2	23972
13.95	94.2	23974
13.97	94.2	23975
13.98	94.2	23976
13.99	94.2	23977
14.0	94.2	23978
14.01	94.3	23983
14.02	94.3	23986
14.03	94.3	23987
14.05	94.3	23992
14.06	94.3	23993
14.07	94.3	23995
14.08	94.3	23998
14.09	94.3	24000
14.12	94.3	24002
14.13	94.3	24005
14.15	94.4	24008
14.18	94.4	24009
14.21	94.4	24010
14.23	94.4	24012
14.24	94.4	24014
14.26	94.4	24017
14.28	94.4	24018
14.29	94.4	24019
14.3	94.4	24021
14.31	94.4	24022
14.32	94.4	24025
14.33	94.4	24026
14.34	94.4	24028
14.36	94.5	24032
14.37	94.5	24035
14.38	94.5	24038
14.39	94.5	24039
14.4	94.5	24041
14.41	94.5	24042
14.42	94.5	24048
14.44	94.5	24050
14.45	94.5	24052
14.46	94.5	24053
14.49	94.5	24055
14.5	94.6	24057
14.51	94.6	24058
14.53	94.6	24059
14.54	94.6	24060
14.55	94.6	24062
14.59	94.6	24063
14.61	94.6	24066
14.62	94.6	24069
14.63	94.6	24071
14.65	94.6	24072
14.67	94.6	24075
14.69	94.6	24077
14.7	94.6	24078
14.71	94.6	24081
14.72	94.7	24082
14.75	94.7	24083
14.77	94.7	24085
14.78	94.7	24086
14.79	94.7	24087
14.8	94.7	24088
14.83	94.7	24090
14.86	94.7	24091
14.87	94.7	24092
14.88	94.7	24093
14.89	94.7	24094
14.9	94.7	24096
14.91	94.7	24097
14.92	94.7	24100
14.93	94.7	24101
14.94	94.7	24102
14.97	94.7	24104
14.98	94.7	24106
14.99	94.8	24109
15.02	94.8	24111
15.04	94.8	24112
15.05	94.8	24114
15.06	94.8	24116
15.07	94.8	24118
15.08	94.8	24120
15.09	94.8	24122
15.1	94.8	24123
15.11	94.8	24125
15.12	94.8	24126
15.13	94.8	24127
15.14	94.8	24130
15.15	94.8	24131
15.16	94.8	24132
15.17	94.9	24136
15.18	94.9	24138
15.19	94.9	24140
15.21	94.9	24142
15.22	94.9	24143
15.23	94.9	24144
15.24	94.9	24145
15.25	94.9	24147
15.26	94.9	24148
15.27	94.9	24152
15.29	94.9	24155
15.3	94.9	24156
15.32	94.9	24157
15.34	94.9	24158
15.35	95.0	24159
15.36	95.0	24160
15.39	95.0	24161
15.4	95.0	24163
15.41	95.0	24165
15.42	95.0	24166
15.43	95.0	24168
15.44	95.0	24169
15.45	95.0	24171
15.47	95.0	24173
15.48	95.0	24175
15.5	95.0	24177
15.51	95.0	24179
15.52	95.0	24181
15.53	95.0	24182
15.54	95.1	24188
15.55	95.1	24190
15.57	95.1	24192
15.58	95.1	24193
15.59	95.1	24195
15.6	95.1	24197
15.62	95.1	24198
15.64	95.1	24200
15.65	95.1	24203
15.66	95.1	24204
15.68	95.1	24206
15.69	95.1	24209
15.7	95.2	24210
15.71	95.2	24213
15.72	95.2	24214
15.73	95.2	24215
15.76	95.2	24216
15.77	95.2	24218
15.79	95.2	24219
15.8	95.2	24221
15.81	95.2	24222
15.84	95.2	24224
15.85	95.2	24225
15.87	95.2	24226
15.92	95.2	24228
15.93	95.2	24229
15.97	95.2	24231
15.98	95.2	24233
16.0	95.3	24235
16.01	95.3	24237
16.02	95.3	24238
16.03	95.3	24240
16.04	95.3	24243
16.06	95.3	24245
16.07	95.3	24246
16.08	95.3	24247
16.09	95.3	24249
16.11	95.3	24251
16.12	95.3	24252
16.13	95.3	24254
16.14	95.3	24255
16.16	95.3	24257
16.17	95.3	24258
16.19	95.4	24260
16.21	95.4	24261
16.23	95.4	24266
16.24	95.4	24267
16.25	95.4	24268
16.26	95.4	24270
16.28	95.4	24274
16.3	95.4	24275
16.31	95.4	24276
16.32	95.4	24277
16.33	95.4	24279
16.35	95.4	24281
16.37	95.4	24283
16.38	95.4	24284
16.39	95.4	24285
16.41	95.5	24286
16.42	95.5	24287
16.44	95.5	24288
16.46	95.5	24290
16.48	95.5	24291
16.49	95.5	24293
16.51	95.5	24294
16.54	95.5	24295
16.56	95.5	24297
16.57	95.5	24298
16.64	95.5	24299
16.66	95.5	24301
16.68	95.5	24302
16.69	95.5	24303
16.71	95.5	24305
16.72	95.5	24306
16.73	95.5	24307
16.74	95.5	24309
16.78	95.6	24311
16.79	95.6	24312
16.81	95.6	24313
16.82	95.6	24317
16.83	95.6	24319
16.88	95.6	24320
16.91	95.6	24321
16.92	95.6	24324
16.93	95.6	24326
16.94	95.6	24329
16.95	95.6	24330
16.96	95.6	24331
16.97	95.6	24332
17.02	95.6	24333
17.03	95.6	24335
17.04	95.6	24336
17.09	95.7	24338
17.12	95.7	24339
17.13	95.7	24340
17.14	95.7	24341
17.15	95.7	24343
17.16	95.7	24345
17.2	95.7	24346
17.21	95.7	24347
17.22	95.7	24348
17.23	95.7	24349
17.25	95.7	24351
17.26	95.7	24352
17.27	95.7	24354
17.29	95.7	24355
17.31	95.7	24357
17.32	95.7	24359
17.33	95.7	24360
17.35	95.7	24361
17.37	95.8	24362
17.4	95.8	24363
17.42	95.8	24364
17.43	95.8	24365
17.44	95.8	24369
17.45	95.8	24370
17.46	95.8	24371
17.51	95.8	24372
17.52	95.8	24373
17.53	95.8	24376
17.54	95.8	24377
17.56	95.8	24379
17.57	95.8	24381
17.61	95.8	24382
17.62	95.8	24383
17.63	95.8	24384
17.64	95.8	24386
17.68	95.9	24389
17.7	95.9	24390
17.74	95.9	24391
17.76	95.9	24392
17.81	95.9	24393
17.86	95.9	24395
17.87	95.9	24396
17.88	95.9	24398
17.89	95.9	24399
17.9	95.9	24400
17.95	95.9	24401
17.96	95.9	24405
17.97	95.9	24406
17.99	95.9	24407
18.03	95.9	24408
18.04	95.9	24409
18.05	95.9	24410
18.06	95.9	24412
18.07	96.0	24413
18.08	96.0	24414
18.13	96.0	24415
18.14	96.0	24417
18.16	96.0	24418
18.17	96.0	24419
18.18	96.0	24420
18.19	96.0	24421
18.2	96.0	24423
18.22	96.0	24425
18.24	96.0	24426
18.25	96.0	24427
18.26	96.0	24430
18.28	96.0	24431
18.29	96.0	24434
18.3	96.0	24436
18.32	96.0	24437
18.33	96.1	24439
18.34	96.1	24440
18.4	96.1	24441
18.42	96.1	24442
18.43	96.1	24444
18.45	96.1	24446
18.47	96.1	24448
18.48	96.1	24451
18.49	96.1	24452
18.51	96.1	24453
18.52	96.1	24454
18.54	96.1	24457
18.56	96.1	24458
18.57	96.1	24460
18.58	96.1	24461
18.59	96.1	24463
18.61	96.2	24464
18.62	96.2	24465
18.63	96.2	24466
18.65	96.2	24468
18.66	96.2	24469
18.68	96.2	24471
18.7	96.2	24472
18.71	96.2	24474
18.73	96.2	24475
18.75	96.2	24476
18.76	96.2	24477
18.78	96.2	24478
18.8	96.2	24479
18.82	96.2	24481
18.83	96.2	24482
18.85	96.2	24484
18.87	96.2	24485
18.88	96.2	24486
18.91	96.2	24487
18.92	96.3	24489
18.93	96.3	24490
18.94	96.3	24491
18.98	96.3	24492
18.99	96.3	24493
19.06	96.3	24494
19.09	96.3	24495
19.11	96.3	24496
19.12	96.3	24497
19.13	96.3	24498
19.14	96.3	24499
19.17	96.3	24500
19.19	96.3	24501
19.2	96.3	24502
19.21	96.3	24504
19.22	96.3	24505
19.23	96.3	24506
19.24	96.3	24510
19.28	96.3	24511
19.29	96.3	24512
19.3	96.3	24513
19.32	96.4	24515
19.34	96.4	24516
19.35	96.4	24517
19.36	96.4	24520
19.41	96.4	24522
19.42	96.4	24525
19.44	96.4	24526
19.45	96.4	24527
19.46	96.4	24529
19.49	96.4	24530
19.54	96.4	24532
19.58	96.4	24533
19.59	96.4	24535
19.61	96.4	24536
19.62	96.4	24537
19.67	96.4	24538
19.68	96.5	24541
19.72	96.5	24542
19.76	96.5	24544
19.78	96.5	24546
19.79	96.5	24547
19.81	96.5	24548
19.83	96.5	24549
19.87	96.5	24551
19.9	96.5	24552
19.92	96.5	24554
19.93	96.5	24555
19.96	96.5	24556
19.99	96.5	24558
20.01	96.5	24559
20.06	96.5	24561
20.07	96.5	24563
20.1	96.5	24564
20.11	96.5	24565
20.12	96.6	24566
20.16	96.6	24567
20.17	96.6	24568
20.2	96.6	24570
20.21	96.6	24571
20.23	96.6	24572
20.25	96.6	24574
20.27	96.6	24576
20.29	96.6	24578
20.31	96.6	24579
20.33	96.6	24580
20.35	96.6	24581
20.41	96.6	24582
20.43	96.6	24583
20.44	96.6	24584
20.47	96.6	24585
20.49	96.6	24586
20.51	96.6	24587
20.52	96.6	24588
20.57	96.6	24590
20.58	96.7	24592
20.59	96.7	24594
20.61	96.7	24595
20.62	96.7	24596
20.63	96.7	24597
20.65	96.7	24598
20.69	96.7	24599
20.72	96.7	24600
20.74	96.7	24601
20.76	96.7	24603
20.78	96.7	24604
20.79	96.7	24606
20.8	96.7	24609
20.81	96.7	24610
20.82	96.7	24612
20.84	96.7	24613
20.91	96.7	24614
20.93	96.7	24615
20.94	96.7	24616
20.96	96.8	24619
20.97	96.8	24620
20.98	96.8	24621
21.0	96.8	24623
21.03	96.8	24626
21.04	96.8	24627
21.05	96.8	24628
21.09	96.8	24629
21.11	96.8	24630
21.12	96.8	24631
21.13	96.8	24632
21.15	96.8	24633
21.17	96.8	24634
21.18	96.8	24635
21.2	96.8	24636
21.22	96.8	24637
21.3	96.8	24638
21.32	96.8	24639
21.33	96.8	24640
21.34	96.8	24641
21.39	96.9	24642
21.46	96.9	24643
21.48	96.9	24644
21.49	96.9	24645
21.5	96.9	24646
21.54	96.9	24647
21.55	96.9	24648
21.56	96.9	24649
21.57	96.9	24650
21.6	96.9	24651
21.61	96.9	24652
21.63	96.9	24653
21.64	96.9	24656
21.65	96.9	24657
21.67	96.9	24658
21.68	96.9	24659
21.69	96.9	24660
21.72	96.9	24661
21.74	96.9	24662
21.77	96.9	24663
21.8	96.9	24664
21.85	96.9	24666
21.86	97.0	24667
21.88	97.0	24668
21.89	97.0	24669
21.9	97.0	24670
21.91	97.0	24671
21.92	97.0	24672
21.93	97.0	24675
21.94	97.0	24676
21.97	97.0	24677
22.03	97.0	24678
22.06	97.0	24681
22.09	97.0	24682
22.11	97.0	24683
22.12	97.0	24684
22.17	97.0	24685
22.18	97.0	24686
22.22	97.0	24687
22.28	97.0	24688
22.32	97.0	24689
22.33	97.0	24690
22.4	97.0	24691
22.41	97.1	24693
22.43	97.1	24695
22.48	97.1	24696
22.5	97.1	24697
22.51	97.1	24698
22.53	97.1	24699
22.54	97.1	24700
22.57	97.1	24701
22.6	97.1	24702
22.65	97.1	24703
22.66	97.1	24704
22.68	97.1	24705
22.69	97.1	24706
22.8	97.1	24707
22.83	97.1	24708
22.87	97.1	24709
22.88	97.1	24710
22.91	97.1	24711
22.93	97.1	24712
22.94	97.1	24713
22.95	97.1	24715
23.01	97.1	24716
23.07	97.1	24717
23.08	97.2	24718
23.11	97.2	24720
23.13	97.2	24721
23.16	97.2	24722
23.17	97.2	24723
23.21	97.2	24724
23.22	97.2	24725
23.23	97.2	24726
23.24	97.2	24728
23.28	97.2	24729
23.31	97.2	24731
23.38	97.2	24732
23.39	97.2	24733
23.4	97.2	24734
23.42	97.2	24735
23.43	97.2	24736
23.44	97.2	24737
23.47	97.2	24738
23.51	97.2	24739
23.52	97.2	24740
23.55	97.2	24741
23.56	97.2	24743
23.58	97.3	24746
23.63	97.3	24747
23.66	97.3	24748
23.7	97.3	24750
23.75	97.3	24751
23.76	97.3	24752
23.79	97.3	24755
23.83	97.3	24756
23.85	97.3	24757
23.89	97.3	24758
23.92	97.3	24759
23.95	97.3	24760
23.97	97.3	24761
23.99	97.3	24763
24.04	97.3	24765
24.07	97.3	24766
24.09	97.3	24767
24.12	97.3	24768
24.24	97.4	24769
24.26	97.4	24770
24.27	97.4	24771
24.36	97.4	24773
24.4	97.4	24774
24.41	97.4	24775
24.45	97.4	24776
24.46	97.4	24777
24.49	97.4	24778
24.52	97.4	24780
24.56	97.4	24781
24.58	97.4	24782
24.6	97.4	24783
24.62	97.4	24784
24.65	97.4	24785
24.71	97.4	24786
24.73	97.4	24789
24.79	97.4	24790
24.82	97.4	24791
24.83	97.4	24792
24.84	97.4	24793
24.9	97.4	24794
24.96	97.5	24795
24.97	97.5	24796
24.98	97.5	24797
25.02	97.5	24798
25.07	97.5	24799
25.09	97.5	24800
25.13	97.5	24801
25.16	97.5	24802
25.17	97.5	24803
25.19	97.5	24804
25.32	97.5	24805
25.35	97.5	24806
25.38	97.5	24807
25.42	97.5	24808
25.43	97.5	24809
25.51	97.5	24810
25.62	97.5	24811
25.63	97.5	24812
25.65	97.5	24813
25.68	97.5	24814
25.74	97.5	24815
25.78	97.5	24816
25.8	97.5	24817
25.85	97.5	24818
25.89	97.5	24819
25.91	97.6	24821
25.94	97.6	24822
25.96	97.6	24824
25.98	97.6	24825
26.03	97.6	24826
26.07	97.6	24827
26.08	97.6	24829
26.1	97.6	24830
26.12	97.6	24831
26.13	97.6	24832
26.15	97.6	24833
26.17	97.6	24834
26.22	97.6	24835
26.25	97.6	24836
26.26	97.6	24837
26.27	97.6	24839
26.29	97.6	24840
26.31	97.6	24841
26.36	97.6	24842
26.38	97.6	24843
26.42	97.6	24844
26.45	97.6	24845
26.47	97.7	24846
26.53	97.7	24847
26.55	97.7	24848
26.56	97.7	24849
26.6	97.7	24850
26.61	97.7	24851
26.66	97.7	24852
26.68	97.7	24853
26.78	97.7	24854
26.83	97.7	24855
26.93	97.7	24856
26.97	97.7	24858
27.04	97.7	24859
27.06	97.7	24860
27.12	97.7	24861
27.14	97.7	24863
27.22	97.7	24864
27.25	97.7	24865
27.27	97.7	24866
27.29	97.7	24867
27.3	97.7	24868
27.37	97.7	24869
27.42	97.7	24870
27.46	97.8	24871
27.47	97.8	24872
27.48	97.8	24874
27.52	97.8	24878
27.55	97.8	24879
27.56	97.8	24880
27.59	97.8	24881
27.65	97.8	24882
27.66	97.8	24883
27.69	97.8	24884
27.7	97.8	24886
27.72	97.8	24887
27.73	97.8	24889
27.77	97.8	24890
27.82	97.8	24891
27.85	97.8	24892
27.89	97.8	24893
27.97	97.8	24894
28.03	97.8	24895
28.18	97.9	24896
28.23	97.9	24897
28.32	97.9	24899
28.34	97.9	24901
28.37	97.9	24903
28.39	97.9	24904
28.43	97.9	24905
28.45	97.9	24906
28.46	97.9	24907
28.52	97.9	24908
28.57	97.9	24909
28.58	97.9	24910
28.59	97.9	24911
28.65	97.9	24913
28.69	97.9	24914
28.7	97.9	24915
28.72	97.9	24916
28.73	97.9	24917
28.74	97.9	24918
28.82	97.9	24920
28.88	97.9	24921
28.92	98.0	24922
28.93	98.0	24923
29.17	98.0	24924
29.25	98.0	24925
29.28	98.0	24926
29.37	98.0	24927
29.38	98.0	24928
29.4	98.0	24929
29.42	98.0	24930
29.47	98.0	24931
29.67	98.0	24932
29.78	98.0	24933
29.81	98.0	24934
29.86	98.0	24935
29.9	98.0	24936
29.92	98.0	24937
29.96	98.0	24938
29.98	98.0	24939
30.0	98.0	24940
30.02	98.0	24941
30.14	98.0	24942
30.18	98.0	24945
30.2	98.0	24946
30.23	98.1	24947
30.24	98.1	24948
30.26	98.1	24949
30.28	98.1	24950
30.29	98.1	24952
30.3	98.1	24953
30.33	98.1	24954
30.37	98.1	24955
30.4	98.1	24956
30.42	98.1	24957
30.46	98.1	24958
30.6	98.1	24959
30.67	98.1	24960
30.71	98.1	24961
30.79	98.1	24963
30.82	98.1	24964
30.88	98.1	24965
30.94	98.1	24966
31.0	98.1	24968
31.02	98.1	24969
31.08	98.1	24970
31.11	98.1	24972
31.13	98.2	24973
31.15	98.2	24974
31.16	98.2	24976
31.19	98.2	24977
31.24	98.2	24978
31.3	98.2	24979
31.35	98.2	24980
31.41	98.2	24981
31.42	98.2	24982
31.49	98.2	24983
31.6	98.2	24984
31.62	98.2	24985
31.66	98.2	24986
31.77	98.2	24987
31.82	98.2	24989
31.83	98.2	24991
31.92	98.2	24992
31.97	98.2	24993
31.98	98.2	24994
32.05	98.2	24995
32.06	98.2	24996
32.19	98.2	24997
32.21	98.3	24998
32.27	98.3	24999
32.37	98.3	25000
32.38	98.3	25001
32.5	98.3	25002
32.59	98.3	25003
32.71	98.3	25004
32.88	98.3	25005
32.92	98.3	25006
33.26	98.3	25007
33.28	98.3	25008
33.35	98.3	25009
33.42	98.3	25010
33.51	98.3	25011
33.57	98.3	25013
33.58	98.3	25014
33.64	98.3	25015
33.66	98.3	25016
33.68	98.3	25017
33.74	98.3	25018
33.78	98.3	25019
33.84	98.3	25020
33.85	98.3	25021
33.98	98.3	25022
34.0	98.3	25023
34.04	98.4	25024
34.05	98.4	25025
34.1	98.4	25026
34.21	98.4	25027
34.22	98.4	25028
34.24	98.4	25029
34.25	98.4	25031
34.31	98.4	25032
34.48	98.4	25033
34.52	98.4	25035
34.64	98.4	25036
34.82	98.4	25037
34.87	98.4	25038
34.89	98.4	25039
35.09	98.4	25041
35.11	98.4	25042
35.14	98.4	25043
35.16	98.4	25044
35.34	98.4	25045
35.63	98.4	25046
35.73	98.4	25047
35.8	98.4	25048
35.82	98.5	25049
35.86	98.5	25050
35.97	98.5	25051
36.01	98.5	25052
36.03	98.5	25053
36.05	98.5	25054
36.09	98.5	25055
36.35	98.5	25056
36.51	98.5	25057
36.61	98.5	25058
36.63	98.5	25059
36.8	98.5	25060
37.28	98.5	25061
37.32	98.5	25063
37.34	98.5	25064
37.38	98.5	25065
37.43	98.5	25066
37.53	98.5	25067
37.55	98.5	25068
37.56	98.5	25069
37.57	98.5	25070
37.63	98.5	25071
37.64	98.5	25072
37.7	98.5	25073
37.82	98.5	25074
37.83	98.6	25075
37.86	98.6	25076
38.1	98.6	25077
38.21	98.6	25078
38.28	98.6	25079
38.34	98.6	25080
38.37	98.6	25082
38.42	98.6	25083
38.46	98.6	25084
38.79	98.6	25085
38.81	98.6	25086
38.91	98.6	25087
39.0	98.6	25088
39.07	98.6	25089
39.1	98.6	25090
39.28	98.6	25091
39.42	98.6	25092
39.65	98.6	25093
39.93	98.6	25094
40.02	98.6	25095
40.05	98.6	25096
40.18	98.6	25097
40.28	98.6	25098
40.4	98.6	25099
40.63	98.7	25101
40.79	98.7	25102
40.89	98.7	25103
41.01	98.7	25104
41.21	98.7	25105
41.57	98.7	25106
41.64	98.7	25108
41.69	98.7	25109
41.71	98.7	25110
41.75	98.7	25111
41.78	98.7	25112
41.82	98.7	25113
41.85	98.7	25115
41.9	98.7	25116
42.15	98.7	25118
42.22	98.7	25119
42.26	98.7	25120
42.3	98.7	25121
42.35	98.7	25122
42.68	98.7	25123
42.73	98.7	25124
42.82	98.8	25125
42.85	98.8	25126
42.89	98.8	25127
42.98	98.8	25128
43.42	98.8	25129
44.36	98.8	25130
44.47	98.8	25131
44.75	98.8	25132
44.79	98.8	25133
44.81	98.8	25134
44.94	98.8	25135
45.1	98.8	25136
45.23	98.8	25137
45.38	98.8	25138
45.4	98.8	25139
45.41	98.8	25140
45.47	98.8	25141
45.67	98.8	25142
45.68	98.8	25143
45.9	98.8	25144
46.1	98.8	25145
46.12	98.8	25146
46.18	98.8	25147
46.62	98.8	25149
46.65	98.8	25150
46.67	98.9	25151
47.11	98.9	25152
47.16	98.9	25153
47.44	98.9	25154
47.6	98.9	25155
47.61	98.9	25156
48.1	98.9	25157
48.21	98.9	25158
48.35	98.9	25159
48.67	98.9	25160
49.06	98.9	25161
49.21	98.9	25162
49.61	98.9	25163
49.73	98.9	25164
49.86	98.9	25165
49.96	98.9	25166
50.34	98.9	25167
50.36	98.9	25168
50.55	98.9	25169
50.64	98.9	25170
50.69	98.9	25172
50.83	98.9	25173
50.93	98.9	25174
51.12	98.9	25175
51.2	99.0	25176
51.34	99.0	25177
51.52	99.0	25178
51.68	99.0	25179
51.93	99.0	25180
52.18	99.0	25181
52.21	99.0	25182
52.28	99.0	25183
52.3	99.0	25184
52.35	99.0	25185
52.36	99.0	25186
52.38	99.0	25187
52.4	99.0	25188
52.76	99.0	25189
53.18	99.0	25190
53.25	99.0	25191
53.3	99.0	25192
53.4	99.0	25193
54.13	99.0	25194
54.25	99.0	25195
54.39	99.0	25197
54.47	99.0	25198
54.61	99.0	25199
54.78	99.0	25200
54.85	99.0	25201
54.93	99.1	25202
55.89	99.1	25203
55.99	99.1	25204
56.27	99.1	25205
56.64	99.1	25206
56.77	99.1	25207
56.79	99.1	25208
56.81	99.1	25209
56.98	99.1	25210
57.16	99.1	25211
57.17	99.1	25212
57.88	99.1	25213
57.9	99.1	25214
58.06	99.1	25215
58.44	99.1	25216
58.78	99.1	25217
59.14	99.1	25218
59.16	99.1	25219
59.21	99.1	25220
59.25	99.1	25221
59.59	99.1	25223
59.73	99.1	25224
60.34	99.1	25225
62.3	99.1	25226
62.81	99.2	25227
62.83	99.2	25228
63.09	99.2	25229
63.73	99.2	25230
63.78	99.2	25231
63.89	99.2	25232
64.87	99.2	25233
64.91	99.2	25234
65.18	99.2	25235
65.75	99.2	25236
66.09	99.2	25237
67.41	99.2	25238
67.67	99.2	25239
67.76	99.2	25240
67.9	99.2	25241
68.54	99.2	25242
69.17	99.2	25243
69.31	99.2	25244
69.39	99.2	25245
69.53	99.2	25246
69.86	99.2	25247
70.31	99.2	25248
71.13	99.2	25249
71.23	99.2	25250
71.24	99.2	25251
71.37	99.2	25252
71.63	99.3	25253
71.66	99.3	25254
72.47	99.3	25255
72.53	99.3	25256
73.9	99.3	25257
75.07	99.3	25258
75.94	99.3	25259
76.22	99.3	25260
76.34	99.3	25261
76.74	99.3	25262
77.13	99.3	25263
77.76	99.3	25264
77.8	99.3	25265
78.14	99.3	25266
78.71	99.3	25267
79.64	99.3	25268
79.99	99.3	25269
80.99	99.3	25270
81.06	99.3	25271
83.97	99.3	25273
86.94	99.3	25274
87.66	99.3	25275
88.66	99.3	25276
89.06	99.3	25277
91.41	99.4	25278
92.38	99.4	25279
92.79	99.4	25281
93.53	99.4	25282
96.24	99.4	25283
96.6	99.4	25284
96.64	99.4	25285
99.78	99.4	25286
99.91	99.4	25287
101.64	99.4	25288
101.67	99.4	25289
101.75	99.4	25290
102.01	99.4	25291
103.72	99.4	25292
103.74	99.4	25293
103.99	99.4	25294
104.6	99.4	25295
107.53	99.4	25296
108.26	99.4	25297
108.27	99.4	25298
108.4	99.4	25299
108.69	99.4	25300
109.22	99.4	25301
111.02	99.4	25302
112.02	99.4	25303
112.31	99.5	25304
113.96	99.5	25305
114.06	99.5	25306
115.18	99.5	25307
119.85	99.5	25308
120.37	99.5	25309
121.3	99.5	25310
122.28	99.5	25311
124.04	99.5	25312
128.4	99.5	25313
129.39	99.5	25314
132.23	99.5	25315
134.71	99.5	25316
137.09	99.5	25317
137.95	99.5	25318
138.1	99.5	25319
142.94	99.5	25320
143.27	99.5	25321
143.9	99.5	25322
145.72	99.5	25323
146.52	99.5	25324
152.62	99.5	25325
159.96	99.5	25326
161.17	99.5	25327
161.94	99.5	25328
162.88	99.6	25329
164.88	99.6	25330
165.24	99.6	25331
167.08	99.6	25332
168.66	99.6	25333
171.76	99.6	25334
174.43	99.6	25335
175.88	99.6	25336
176.48	99.6	25337
176.84	99.6	25338
182.63	99.6	25339
183.1	99.6	25340
185.42	99.6	25341
186.64	99.6	25342
188.7	99.6	25343
192.3	99.6	25344
194.56	99.6	25345
194.75	99.6	25346
199.57	99.6	25347
201.53	99.6	25348
208.95	99.6	25349
216.35	99.6	25350
217.1	99.6	25351
218.61	99.6	25352
220.73	99.6	25353
222.52	99.7	25354
225.99	99.7	25355
234.82	99.7	25356
243.78	99.7	25357
244.17	99.7	25358
247.6	99.7	25359
251.25	99.7	25360
259.94	99.7	25361
261.22	99.7	25362
262.44	99.7	25363
262.56	99.7	25364
267.37	99.7	25365
290.08	99.7	25366
295.23	99.7	25367
295.26	99.7	25368
305.48	99.7	25369
306.99	99.7	25370
310.98	99.7	25371
313.97	99.7	25372
314.75	99.7	25373
324.74	99.7	25374
345.88	99.7	25375
357.68	99.7	25376
377.43	99.7	25377
388.71	99.7	25378
394.46	99.7	25379
402.99	99.8	25380
419.78	99.8	25381
440.93	99.8	25382
481.99	99.8	25383
487.17	99.8	25384
503.86	99.8	25385
515.37	99.8	25386
565.31	99.8	25387
568.54	99.8	25388
690.9	99.8	25389
806.07	99.8	25390
849.83	99.8	25391
894.66	99.8	25392
969.43	99.8	25393
1050.76	99.8	25394
1111.1	99.8	25395
1116.79	99.8	25396
1169.51	99.8	25397
1262.31	99.8	25398
1292.09	99.8	25399
1293.1	99.8	25400
1300.9	99.8	25401
1540.69	99.8	25402
1572.92	99.8	25403
1686.25	99.8	25404
1797.79	99.9	25405
1829.03	99.9	25406
1870.26	99.9	25407
1973.55	99.9	25408
2057.15	99.9	25409
2112.71	99.9	25410
2134.13	99.9	25411
2192.72	99.9	25412
2274.22	99.9	25413
2439.21	99.9	25414
2466.77	99.9	25415
3019.38	99.9	25416
3825.87	99.9	25417
4112.27	99.9	25418
4463.12	99.9	25419
4672.3	99.9	25420
4710.6	99.9	25421
4941.39	99.9	25422
5144.09	99.9	25423
5160.0	99.9	25424
5888.96	99.9	25425
5927.45	99.9	25426
5957.81	99.9	25427
6049.71	99.9	25428
7249.32	99.9	25429
7476.67	99.9	25430
8908.58	100.0	25431
8959.15	100.0	25432
9349.16	100.0	25433
9815.88	100.0	25434
11326.66	100.0	25435
15228.54	100.0	25436
15639.6	100.0	25437
16447.02	100.0	25438
17718.07	100.0	25439
19154.53	100.0	25440
27840.56	100.0	25441
33292.01	100.0	25442
52610.36	100.0	25443
