+distance	density
-50	2393
-49	2482
-48	2506
-47	2555
-46	2631
-45	2690
-44	2763
-43	2832
-42	2921
-41	3004
-40	3058
-39	3113
-38	3190
-37	3313
-36	3406
-35	3530
-34	3636
-33	3749
-32	3915
-31	4121
-30	4308
-29	4505
-28	4740
-27	4992
-26	5326
-25	5652
-24	6073
-23	6638
-22	7250
-21	7911
-20	8798
-19	9719
-18	10694
-17	11645
-16	12448
-15	13192
-14	13829
-13	14455
-12	15024
-11	15620
-10	16267
-9	16848
-8	17440
-7	17991
-6	18577
-5	19202
-4	19808
-3	20601
-2	21506
-1	22715
0	22759
1	21621
2	20700
3	19964
4	19274
5	18656
6	18093
7	17465
8	16854
9	16225
10	15629
11	15059
12	14463
13	13860
14	13150
15	12403
16	11624
17	10648
18	9672
19	8692
20	7956
21	7261
22	6678
23	6160
24	5703
25	5330
26	4994
27	4704
28	4435
29	4167
30	3985
31	3806
32	3657
33	3519
34	3408
35	3291
36	3153
37	3063
38	2980
39	2942
40	2832
41	2738
42	2699
43	2640
44	2558
45	2482
46	2415
47	2340
48	2292
49	2197
