10007
10011
10014
10040
10049
1006
1007
10071
10082
10100
10107
10119
10120
10122
10123
10132
10133
10134
10146
10149
10150
10152
10158
10179
10180
10184
10195
10222
10234
10238
10246
10247
10253
1026
10263
10268
10275
10276
10278
10288
103
1030
10301
10309
10313
10346
10347
10354
10386
1039
10394
1040
10401
10415
10416
1042
10432
10438
10449
10450
10451
10452
10464
10465
1047
10472
10483
10486
10490
10491
10495
10504
10552
10567
10568
10569
10579
10584
10589
1059
10596
10597
10606
10607
10630
10651
10669
10675
10678
10680
10681
10703
10721
10722
10727
10728
10730
10731
10743
1075
10755
10765
10766
10767
10768
1077
10779
1079
1080
10807
10813
1082
10821
10822
10827
1083
10832
1084
10842
10848
1085
10859
10860
10874
10877
10893
10897
10898
10907
10913
10914
10916
10930
10933
10942
10951
10955
10962
10963
10974
10976
1099
10990
10992
10997
1101
11011
11020
11031
11045
11050
11066
11069
11070
11071
11083
11085
11086
11087
11088
11089
11090
11091
11092
11093
11094
11095
11096
11103
11104
11105
11109
11110
11112
11113
11114
11115
11116
11117
11118
11119
1112
11120
11121
11122
11123
11130
11131
11132
11142
11144
11145
11153
11154
11167
11172
11174
11183
11184
11185
11186
11189
11190
11191
11192
11193
11202
11204
11209
11215
11217
11218
11221
11228
11229
11232
11235
11250
11261
11282
11292
11306
11322
11329
11337
11338
11339
1134
1137
1143
1151
1159
1164
1172
1175
1176
1184
1190
1195
120
1202
1205
1206
1213
1215
1219
122
1221
1222
1231
1247
1249
1252
1257
1261
1262
1263
127
1282
1283
1286
1294
1303
1326
1327
1331
1336
1338
1339
1344
1345
1354
1359
1364
1380
1383
1398
140
1408
1410
1416
1435
1436
1451
1453
1456
1465
1476
1481
1497
1499
1500
1501
1508
1509
1510
1526
1532
1535
1538
1560
1562
157
1578
1579
1580
1581
1582
1583
1584
1586
1594
1595
1596
1599
1600
1603
1608
1609
161
1619
1628
163
1639
1645
1656
1669
1674
1678
1683
1684
1703
1705
1707
1708
1709
1717
1719
1722
1724
1726
1727
1737
1740
1741
1742
1746
1753
1754
1757
1759
1764
1765
1766
1775
1777
1779
1780
1808
181
1816
1819
1820
1842
1850
1855
1859
1860
1865
187
1888
1905
1909
1911
1914
1927
1930
1947
1955
1956
196
1977
1981
1984
1986
1991
1992
2006
2007
2019
2030
2048
2051
2052
2053
2054
2059
2061
2066
2067
2075
211
2112
2119
2133
2152
2166
2171
2176
2179
2182
2183
2208
2215
2235
2237
2254
226
2265
2269
227
2278
2279
2284
2289
2294
2297
2302
2315
232
2332
2355
2361
2370
2383
2386
2393
2400
2405
2406
2407
2414
2415
2417
2419
2435
2437
244
2441
2443
2444
2455
246
248
2481
2494
2496
2497
2498
2508
2511
2532
2534
2547
2550
2557
2559
2567
2568
2574
2589
2593
2596
261
2616
2627
2635
2658
2660
2663
268
269
270
2701
271
2721
2727
2729
273
274
2741
2747
2755
2764
2765
2767
2771
2772
2774
2775
2776
2807
2825
2830
2831
2846
2853
2855
2864
2865
2875
2877
2878
2885
2887
2890
2891
2892
292
2924
2946
2953
2973
2978
299
2996
3006
3007
301
3024
3054
3075
3079
3080
3081
3083
3085
3086
3087
3088
3093
3100
3102
311
3113
3118
313
3135
3145
3164
3165
3185
3199
3208
3209
3210
3212
3213
3214
3215
322
323
3232
3242
3248
3252
3256
3257
3269
327
328
3280
3284
3305
3309
3323
3332
3350
3353
3365
3366
3377
3383
3384
3388
3393
3394
3401
3402
3408
3409
3410
3427
3432
3435
3436
3444
3449
3455
3470
348
3499
3513
3528
3579
3583
359
3590
3591
3600
3601
3602
3604
3606
3607
3608
361
3610
3617
3618
362
3620
3639
3647
365
3656
366
3662
3668
3671
3673
3674
3675
368
3680
3683
3684
3698
3699
370
3704
3705
371
3711
3712
3726
373
3731
375
3753
3779
378
3780
3782
3783
3786
3795
3796
3801
3812
3819
3840
3842
3883
3898
3901
3914
3921
3929
3935
3938
3955
3957
3960
3974
3977
3979
3980
3982
4009
401
4014
4021
4035
405
4053
4060
4061
4063
4065
4066
4079
4095
4098
410
4108
411
4110
4111
4112
4115
4117
4121
4136
4139
4148
4194
4195
4211
4213
4214
4220
4221
4223
4229
4232
4234
4244
4246
4250
4252
4256
4258
4265
4266
4268
4278
4283
4308
4309
431
4317
4322
4339
4351
4352
4355
4376
440
4404
4407
4409
4439
4441
4486
4487
4491
4510
452
4527
4530
4531
4549
4562
4574
4582
459
4602
4603
4608
4609
4643
4644
4645
4649
4662
4666
4675
4677
4691
4695
4696
4726
4736
4739
4742
4757
4765
4775
4779
4800
4831
4848
4850
4851
4852
4856
4858
4859
4862
4871
4879
488
4880
4881
4883
4886
4887
4893
4896
4897
4898
4899
4902
4903
4904
4907
4911
4915
4920
4922
4923
4924
4925
4939
4947
4963
4965
4979
4984
5009
502
5024
5026
5027
5034
5036
5044
5048
5051
5053
5055
5069
5077
5110
5114
5116
5119
5121
5127
5129
5130
5142
5147
516
5162
5165
517
5183
5184
5188
519
5195
5203
5208
5218
5230
5236
5238
5239
5248
5259
5265
5275
5277
5288
5304
5308
531
5313
5336
535
5350
5361
5363
5377
5379
5385
5393
5410
5425
544
5440
5446
5447
5453
5456
5457
547
5471
548
5498
5511
5515
5516
5520
5521
5523
553
554
5549
555
556
557
5577
5592
5593
5595
5597
5602
5607
5608
5611
5612
5614
5631
5632
5641
5642
5644
5675
5683
5689
5690
5692
5708
5710
572
5754
5757
5759
5761
5764
5765
5766
5767
5768
5769
5787
5794
5825
5828
5843
5844
5845
5849
5850
5857
5880
5884
5887
5889
5913
5917
5924
5930
5931
5934
5965
5966
5974
5983
5990
5994
5997
6011
6021
6027
6028
6031
6045
605
6052
6053
6066
6073
6074
6075
6076
6077
6080
6083
6092
6096
6097
6098
6105
6106
6113
6124
6126
6150
6156
6157
616
6164
6189
619
6191
6192
6208
6210
6221
6228
6249
6256
6258
6259
6275
6284
6286
6289
6303
6308
6314
6318
6329
6330
6345
6366
6367
6373
6381
6382
6384
6385
6392
6393
6397
6400
6404
6409
6412
6427
6431
6432
6444
6446
6456
6458
6467
6481
6501
6506
651
6526
6527
6532
6534
6547
6558
6559
6569
6576
6587
6588
6608
6609
6616
6618
6620
6628
6634
6635
6638
665
666
6670
6671
6675
6677
668
6688
669
6700
6702
6704
671
6711
672
6728
6731
6732
6750
6755
6760
6764
6774
6806
6824
6834
6835
6837
6849
6850
6853
6871
6877
6903
691
6914
6917
6918
6921
6923
6932
6943
6944
6950
6951
6952
6954
696
6966
6980
6981
7001
7005
7008
7009
701
7012
7013
7014
7015
7019
7021
7026
7028
7029
7030
7033
7037
7038
704
7041
7042
7046
7047
7050
7053
7056
7057
7061
7062
7064
7074
7088
7089
7091
7093
7105
7121
7127
7131
7141
7142
7151
7152
7158
7167
7170
7219
7220
7232
726
7279
7297
730
7318
7321
7326
7335
7355
7358
736
7363
7381
7384
7395
7397
7403
7410
7434
7446
7447
7452
748
7486
7492
7494
7496
7498
7499
7501
7518
7519
7521
7526
7528
7531
7532
754
7543
7562
7567
757
7575
758
7590
7599
7615
7648
7660
7688
7698
7702
7704
7708
7709
7712
7713
772
774
7740
775
777
7772
7789
7790
7791
7792
7796
7816
7822
7830
7858
7873
7874
7876
7879
7902
7904
7910
7919
7924
7926
7930
7931
794
7950
7962
797
798
8002
8011
8022
8028
8029
8033
8034
8042
8043
8053
8058
8059
8068
8073
8074
8076
8089
8098
812
8121
8122
8123
8127
8128
8130
8138
8161
8163
8167
8168
8172
8178
819
8201
8202
8205
8208
8209
8222
8230
8236
8244
8249
8250
8269
8273
8274
8275
8276
8279
8283
8284
8287
8290
8295
8299
8301
8306
8310
8314
8315
8319
8320
8323
834
8357
8359
8384
8386
8389
839
8393
8397
8402
8406
8416
8421
8422
8423
8433
8434
8437
8467
8468
847
8488
849
8490
8491
8499
8521
8532
8539
8543
8545
8558
8562
8565
858
8585
859
8590
8592
8603
8605
8613
8625
8626
8627
8630
8631
8632
8636
8637
8638
8648
8655
8656
8661
8663
8670
8674
8679
8682
8684
8701
8705
8711
8712
8713
8727
874
8751
8753
876
877
8770
8771
8785
8786
8787
8792
8813
8829
8831
8833
8835
8837
8846
8847
885
8862
8866
8867
8875
8877
8878
8879
8881
8882
8883
8885
8889
8891
8892
8894
8895
8899
8900
8901
8903
8905
8908
8909
8910
8911
8912
8914
8916
8921
8926
8927
893
8936
8938
8960
8962
8965
8969
8975
8982
8992
8996
9000
9007
9015
9041
9047
9048
9049
9051
907
9084
9086
909
9092
9099
9103
9127
9128
9129
9145
9157
9159
9168
9169
9175
9180
9185
9186
919
9199
9200
9202
9203
9205
9206
9208
9228
9234
9235
9239
9240
925
9282
9306
9307
9312
9318
9323
9345
9347
9354
9362
9373
9374
9390
9402
9409
941
9410
9417
9419
942
9420
9425
943
944
9454
9465
9471
9472
9489
9493
9494
9495
9510
9518
9521
9523
9546
9549
9554
9575
9594
9598
9600
9608
9621
9625
9653
9654
9660
967
9671
9685
9698
9709
9713
9714
9719
972
9720
9732
974
9748
9749
9751
9752
9760
9764
9770
9774
9795
9799
9805
9815
9817
9846
9851
9859
9866
9890
9900
9910
9926
9931
9935
9944
9950
9952
9953
9956
9957
9959
9989
